0.019727146483389967901445061215781606733798980712890625 0.230047726023756948787735154837719164788722991943359375 0.97297938490130453370596796958125196397304534912109375 0.046599868550682821410902079151128418743610382080078125
-0.016871344525234775735267334084710455499589443206787109375 -0.97295363754159780445007754678954370319843292236328125 0.2303837016251431835112128965192823670804500579833984375 0.98509115163162175310418433582526631653308868408203125
0.99966304195380850661223348652129061520099639892578125 -0.02096028268243317616015275461904820986092090606689453125 -0.0153123839270822570401975326603860594332218170166015625 -0.0313408469219625118729055657240678556263446807861328125
0.01370166701307011514199274415659601800143718719482421875 0.22662727238281721309220984039711765944957733154296875 0.9738851799536674125334911877871491014957427978515625 0.0457182041766248659087068517692387104034423828125
-0.016265293513474547715258466951127047650516033172607421875 -0.97379725934838978762542183176265098154544830322265625 0.2268356474597951477623070104527869261801242828369140625 0.99574783500377861411578805928002111613750457763671875
0.99977382670715020385188154250499792397022247314453125 -0.018948554116499483068736253699171356856822967529296875 -0.00965648632968328646253297620205557905137538909912109375 -0.0503343086497979597115914884852827526628971099853515625
0.01670396640505346363969607637045555748045444488525390625 0.2272310777181086594023184943580417893826961517333984375 0.9736975992706387028619019474717788398265838623046875 0.044769398605636556709441720158793032169342041015625
-0.017267850882451522831484425068993004970252513885498046875 -0.9736227050045622721796689802431501448154449462890625 0.227509829834931232017680713397567160427570343017578125 0.9939462366550870786596760808606632053852081298828125
0.9997113577707159581819951199577189981937408447265625 -0.020613980750303968758618822221251321025192737579345703125 -0.0123395681390202349714257934465422295033931732177734375 -0.04058622012978861659515672499765059910714626312255859375
0.0124314188891720134311213996625156141817569732666015625 0.227286948174137304334863074473105370998382568359375 0.9737484803654836706954256442259065806865692138671875 0.04601085366604740212181923197931610047817230224609375
-0.016391017161544819968899133755257935263216495513916015625 -0.9736466016117117927564095225534401834011077880859375 0.2274724220040606759152268523394013755023479461669921875 0.994106071862952855866524259909056127071380615234375
0.9997883748082248001054495034622959792613983154296875 -0.0187885323301521141303727091553810168989002704620361328125 -0.00837834418053416685179257683557807467877864837646484375 -0.054129874377027709098086916128522716462612152099609375
0.0146964944781676487561838939654990099370479583740234375 0.2250114744818975942575178805782343260943889617919921875 0.9742452716854905769849892749334685504436492919921875 0.045101431877411835014157759360386990010738372802734375
-0.015547924102122544220971889217253192327916622161865234375 -0.97418130960566140519318878432386554777622222900390625 0.2252312392123534123822281571847270242869853973388671875 1.0011261793883579063191291425027884542942047119140625
0.99977111136760210552409944284590892493724822998046875 -0.0184576005302858892065387408365495502948760986328125 -0.010818588514875049355623559677042067050933837890625 -0.0467267528496838335794194563277414999902248382568359375
0.01280294529445195894634679234513896517455577850341796875 0.22711504284899997063718046774738468229770660400390625 0.97378377574463825805395345014403574168682098388671875 0.04736650755373716936702521707047708332538604736328125
-0.01579187140170208725198364163588848896324634552001953125 -0.97369624460106762864342044849763624370098114013671875 0.22730225052433861154810301741235889494419097900390625 0.99335201762746028197881287269410677254199981689453125
0.9997933293480512073614363544038496911525726318359375 -0.0182880057704591751643885544353906880132853984832763671875 -0.008879607878667317155674254536279477179050445556640625 -0.052183113657579605071390460580005310475826263427734375
0.01239827263851424332674611150650889612734317779541015625 0.228629532544764035861817319528199732303619384765625 0.9734345482280477579450916891801171004772186279296875 0.041356317052558377866944283596239984035491943359375
-0.01578591509648884227967613469445495866239070892333984375 -0.97334333299610864553841338420170359313488006591796875 0.228809165119345514494142435069079510867595672607421875 0.98757443951389334291235400087316520512104034423828125
0.99979852357339271673453140465426258742809295654296875 -0.018203392876814709910870959674866753630340099334716796875 -0.0084586493151289909864232186009758152067661285400390625 -0.0522009570755203877734373918428900651633739471435546875
0.01661805104754536521749486155385966412723064422607421875 0.228264420055252770236364767697523348033428192138671875 0.97345734108702475229080164353945292532444000244140625 0.0411916801193867865293896102230064570903778076171875
-0.016521330835634284728286047538858838379383087158203125 -0.9733962133115896531165844862698577344417572021484375 0.2285321215586481879977753806088003329932689666748046875 0.98957221669710460076885283342562615871429443359375
0.99972540531308007327737641389830969274044036865234375 -0.0198805685224429200264051331714654224924743175506591796875 -0.01240471550750477103264302058960311114788055419921875 -0.0385882942668707429323404767274041660130023956298828125
0.01675469617730772353692003662217757664620876312255859375 0.231012969388516842261793726720497943460941314697265625 0.972806398072250555486562006990425288677215576171875 0.046803890690870819657476431530085392296314239501953125
-0.01557413780701588645882793571217916905879974365234375 -0.97276467287322099242174999744747765362262725830078125 0.2312712919656104426646692218128009699285030364990234375 0.98041594333401949068473868464934639632701873779296875
0.9997383289675718653910507782711647450923919677734375 -0.019025500439672653196776508366383495740592479705810546875 -0.0127005482616820153385361891196225769817829132080078125 -0.0385547294849473975997256047776318155229091644287109375
0.010293284319538964499685107512050308287143707275390625 0.222758307034837288451711856396286748349666595458984375 0.97481936016109671516716161931981332600116729736328125 0.0450932403017285654556189911090768873691558837890625
-0.015927956271702174706472732168549555353820323944091796875 -0.97471083388740276109984961294685490429401397705078125 0.222901690342513003617597178163123317062854766845703125 1.0080387821758425292983929466572590172290802001953125
0.9998201580916685760058726373245008289813995361328125 -0.0178212699645695915595666747321956790983676910400390625 -0.006484890932080877856691358829266391694545745849609375 -0.05985382273464967539666758966632187366485595703125
0.0096233889295502528238301920282538048923015594482421875 0.2247850833373915835355916215121396817266941070556640625 0.97436084521829602334008768593776039779186248779296875 0.0500065765993600308547684107907116413116455078125
-0.012899617012554355499620584168951609171926975250244140625 -0.97429701373731181224258079964783973991870880126953125 0.2248977588805740335242688843209180049598217010498046875 1.0039546014794089590083103757933713495731353759765625
0.9998704867528329653936225440702401101589202880859375 -0.01473315980033738058219139333004932268522679805755615234375 -0.00647639737436854490137960738138644956052303314208984375 -0.06220030612910752709776573965427814982831478118896484375
0.01140654813262038935750553036996279843151569366455078125 0.22638409450454621829607049221522174775600433349609375 0.97397132011936304873955805305740796029567718505859375 0.048117726842300978518096599145792424678802490234375
-0.0151933247372444679701430914064985699951648712158203125 -0.9738830429162408375276527294772677123546600341796875 0.2265415075646208808990422767237760126590728759765625 0.99737637489640829091541718298685736954212188720703125
0.99981951049228801053914139629341661930084228515625 -0.0173819185265684135466290882732209865935146808624267578125 -0.0076691164613131024285763714942731894552707672119140625 -0.0577574448636600512596572798429406248033046722412109375
0.0121011618672153264952839890611357986927032470703125 0.222001385365962367046677172766067087650299072265625 0.97497125433371445435426494441344402730464935302734375 0.048320261578893408671575571133871562778949737548828125
-0.016521478039587665642695668566375388763844966888427734375 -0.9748651918860620213536094524897634983062744140625 0.22218229330520034014995189863839186728000640869140625 1.01090760419649416945730990846641361713409423828125
0.999790279341623122633109232992865145206451416015625 -0.018796629376509610409584638546220958232879638671875 -0.008129210175742140886967490587267093360424041748046875 -0.05503026065600459537652255903594777919352054595947265625
0.01399656585720975010556088591329171322286128997802734375 0.224825721405324807644632301162346266210079193115234375 0.974298461016325223482681394671089947223663330078125 0.04848179514977368764760967678739689290523529052734375
-0.016272904375805190280157574989061686210334300994873046875 -0.97421368112177353371095023248926736414432525634765625 0.225039927889159774299088212501374073326587677001953125 1.0024005700763785053908350164419971406459808349609375
0.999769617836081092576705486862920224666595458984375 -0.0190044511667154560063952573045753524638712406158447265625 -0.009977078116772453153515698431874625384807586669921875 -0.0490314965918494660712667609914205968379974365234375
0.0143226138129719238190062924331868998706340789794921875 0.2257074865170080324450196940233581699430942535400390625 0.974089828128668511197929547051899135112762451171875 0.04498852164202282732929916164721362292766571044921875
-0.01612868064888299535208915358452941291034221649169921875 -0.974010896262173186954669290571473538875579833984375 0.22592634345977347098965992699959315359592437744140625 0.99950471294606468841692503701779060065746307373046875
0.99976733714124310647974880339461378753185272216796875 -0.01894663883677551174944397871513501740992069244384765625 -0.01031001757014203545903541225925437174737453460693359375 -0.04871252168833291318339462350195390172302722930908203125
0.01619742349671239589614657461424940265715122222900390625 0.2254459700409907896290206963385571725666522979736328125 0.9741210181822095304227104861638508737087249755859375 0.047105586265490606567851727959350682795047760009765625
-0.01658498108059876241515695483030867762863636016845703125 -0.974054251167967510838252565008588135242462158203125 0.22570628531386860426977136739878915250301361083984375 0.9995944637130362853127962807775475084781646728515625
0.999731254836190519341698745847679674625396728515625 -0.0198116382222834029602775984812979004345834255218505859375 -0.01203815162744402422756451187524362467229366302490234375 -0.0427165283686133101515025600747321732342243194580078125
0.01247058727095194663458954664747579954564571380615234375 0.228683032389561169406277940652216784656047821044921875 0.9734210574824402328886208124458789825439453125 0.0493828484548963775324637026642449200153350830078125
-0.016328866842690116512049058883349061943590641021728515625 -0.97332040803993502553481675931834615767002105712890625 0.2288685746157109457410427921786322258412837982177734375 0.9898788278125227879655767537769861519336700439453125
0.9997889040099721125187670622835867106914520263671875 -0.018748987678055530070597711755908676423132419586181640625 -0.008403741999058855771664866551873274147510528564453125 -0.05409776554693242200944069963952642865478992462158203125
0.01574436947917449980405280030026915483176708221435546875 0.225523476077763296299139028633362613618373870849609375 0.9741105053162630866836479981429874897003173828125 0.048129682769623649551959942982648499310016632080078125
-0.016640746271962041091807549264558474533259868621826171875 -0.974037264309199013467832628521136939525604248046875 0.225775477735254970212963598896749317646026611328125 0.999257620897040954588419481297023594379425048828125
0.9997375657716529584462250568321906030178070068359375 -0.019764617578758351956746963651312398724257946014404296875 -0.01158272320895152585062959360584500245749950408935546875 -0.0439856338153219450504138876567594707012176513671875
0.013434745835520567336374142541899345815181732177734375 0.225191340403722406460218508073012344539165496826171875 0.9742219294449852018402680187136866152286529541015625 0.048676067906015918484996518600382842123508453369140625
-0.0170704769206184991947594653538544662296772003173828125 -0.97411624980335365098227384805795736610889434814453125 0.2254023152781984562498251989381969906389713287353515625 1.0001323227923999414912259453558363020420074462890625
0.99976402538034581102266429297742433845996856689453125 -0.019658655060658232482939666851962101645767688751220703125 -0.0092428803136958281871926601525046862661838531494140625 -0.05063684628518172470279523622593842446804046630859375
0.01485600082146289191431520748665207065641880035400390625 0.2267026479510337033662636940789525397121906280517578125 0.97385071168613013270487499539740383625030517578125 0.0485980648885371291356705114594660699367523193359375
-0.0165992358564918951469024932521278969943523406982421875 -0.97376809524447349719622479824465699493885040283203125 0.2269366323424879539061294053681194782257080078125 0.99616265878365428676488591008819639682769775390625
0.99975185152626433460198995817336253821849822998046875 -0.0195365477352571204061604248636285774409770965576171875 -0.0107032085093224094141106661481899209320545196533203125 -0.0469756363397616227839392877285717986524105072021484375
0.010900731375428074354516638777568005025386810302734375 0.23062011583264341307852873796946369111537933349609375 0.9729828036655214784644840619876049458980560302734375 0.0481795281458479163205765871680341660976409912109375
-0.016284524001943655180379977309712558053433895111083984375 -0.97287066774725261542045018359203822910785675048828125 0.23077597613500400175468030283809639513492584228515625 0.98360362100307952015754153762827627360820770263671875
0.9998079757403204315124867207487113773822784423828125 -0.01836018807295021482151042846453492529690265655517578125 -0.0068494627503754290653859015947091393172740936279296875 -0.06002618386110496195851027323442394845187664031982421875
0.0134658889118683955388178219436667859554290771484375 0.22603971831329661146270382232614792883396148681640625 0.97402500767724564667560116504319012165069580078125 0.04664085311580057346958483321941457688808441162109375
-0.018081248368583102692497277530492283403873443603515625 -0.97389904377711034033637815809925086796283721923828125 0.2262604561859689056291244924068450927734375 0.99846193148753703550113414166844449937343597412109375
0.99974583685985063397083649761043488979339599609375 -0.02065838549466587903413739013558370061218738555908203125 -0.009027335717184670205170959889073856174945831298828125 -0.0510558730943080629760544297823798842728137969970703125
0.0155310367443452779223633797300863079726696014404296875 0.226304357853247484211323126146453432738780975341796875 0.97393281314178692387173441602499224245548248291015625 0.04907364160896909854869818445877172052860260009765625
-0.017179089275560395499997667911884491331875324249267578125 -0.97384616202726448364046518690884113311767578125 0.226558170548864235005481759799295105040073394775390625 0.9977913796910822252783646035823039710521697998046875
0.9997317969398002990288887303904630243778228759765625 -0.0202499612772970259688687377774840570054948329925537109375 -0.0112371373483616532329421033864491619169712066650390625 -0.04492662475402264821155995377921499311923980712890625
0.015277489683745371085166198099614121019840240478515625 0.22753203609553807051923968174378387629985809326171875 0.97365074377786087200803422092576511204242706298828125 0.044170115510178853401868082073633559048175811767578125
-0.01737545036546554733103420176121289841830730438232421875 -0.9735569743676479870231332824914716184139251708984375 0.227782757097035715165844749208190478384494781494140625 0.99282573533001972077016716866637580096721649169921875
0.99973231019969632793475966536789201200008392333984375 -0.0203975681485152708638519669648303533904254436492919921875 -0.010920034633876252172512977267615497112274169921875 -0.045495935586870484002020020852796733379364013671875
0.0150072075212069611094278798191226087510585784912109375 0.22443646668514194431054420419968664646148681640625 0.97437316062394929705448021195479668676853179931640625 0.04699003915226118710535274658468551933765411376953125
-0.0170114567410279693415731117056566290557384490966796875 -0.974284582883358840632581632235087454319000244140625 0.224678069560352688949222965675289742648601531982421875 1.00308746716058028169982208055444061756134033203125
0.9997426639313984342294361340464092791080474853515625 -0.01994729655839411197604249537107534706592559814453125 -0.0108032992813506256712940967190661467611789703369140625 -0.0470978192671165085680939910162123851478099822998046875
0.01296341471549376789251795116797438822686672210693359375 0.22748631916463668556360744332778267562389373779296875 0.97369498533772824711007842779508791863918304443359375 0.047818640385904387368753987175296060740947723388671875
-0.016955789948017850610195722538264817558228969573974609375 -0.97358682223900239183222993233357556164264678955078125 0.2276867888038717480103656498613418079912662506103515625 0.9939619820525165128088929122895933687686920166015625
0.999772199597730892861591200926341116428375244140625 -0.0194613652025408777335169219213639735244214534759521484375 -0.0087637991743402532396345350207411684095859527587890625 -0.05380883878133436992730054271305561996996402740478515625
0.0131259962837454169370943191097467206418514251708984375 0.22827334867154436270908490769215859472751617431640625 0.97350859601127226472527809164603240787982940673828125 0.051523202738847195814031465488369576632976531982421875
-0.0167081269853170677475162619884940795600414276123046875 -0.97340650775136960959343923605047166347503662109375 0.2284746861381902471865856796284788288176059722900390625 0.99137796570966563169946539346710778772830963134765625
0.999774247885952593861702553112991154193878173828125 -0.0192644624210376834427815850858678459189832210540771484375 -0.0089629097789979128574344713342725299298763275146484375 -0.0536048672903298994985021863612928427755832672119140625
0.01534131620113772520586081782312248833477497100830078125 0.22530541324032082872719229271751828491687774658203125 0.9741673956676155654577087261714041233062744140625 0.049173852090691194671734365329029969871044158935546875
-0.0182691251958445877168202287066378630697727203369140625 -0.97405628798721688443862376516335643827915191650390625 0.2255674177339484776094735707374638877809047698974609375 1.0007998230709167497565204030252061784267425537109375
0.9997154010556570380430230216006748378276824951171875 -0.02125768641689750049206253379452391527593135833740234375 -0.0108271723144885145817539751078584231436252593994140625 -0.0513917691419995270596388081685290671885013580322265625
0.0211612125509673953960287917652749456465244293212890625 0.228851561596559227584890550133422948420047760009765625 0.97323130130416013461314150845282711088657379150390625 0.04797981130268447191866698631201870739459991455078125
-0.015499158533832414763597995488453307189047336578369140625 -0.9732572408580486555962352213100530207157135009765625 0.229194660164979635563753390670171938836574554443359375 0.988694344127023061474801579606719315052032470703125
0.99965593040188116535915696658776141703128814697265625 -0.0199343024202383554965845036122118472121655941009521484375 -0.017048296084009983974993929223273880779743194580078125 -0.030860198081652245871708828417467884719371795654296875
0.0142929401226868091345778566392255015671253204345703125 0.227414408257751776698540879806387238204479217529296875 0.97369317486538109474025759482174180448055267333984375 0.04934313712655014061425617910572327673435211181640625
-0.017045908086605797426837938246535486541688442230224609375 -0.9735957524212863756218894195626489818096160888671875 0.227641869898205173594618599963723681867122650146484375 0.994095709811022576474215384223498404026031494140625
0.99975254383414935421825475714285857975482940673828125 -0.019851155254158280027976246628895751200616359710693359375 -0.01003906032567146444645089786718017421662807464599609375 -0.04177814893582165733931788054178468883037567138671875
0.016695842611219202655803428569925017654895782470703125 0.23002775531988828294771565197152085602283477783203125 0.9730408422168077553493503728532232344150543212890625 0.046844780339138247793329128398909233510494232177734375
-0.01866817921959029735745616562780924141407012939453125 -0.97293517117165062568773237217101268470287322998046875 0.2303230879174626155592164877816685475409030914306640625 0.98207385354111631503570833956473506987094879150390625
0.99968632477966401506108695684815756976604461669921875 -0.022010338052200657810164585725942743010818958282470703125 -0.01194977269056807234193229305674321949481964111328125 -0.050052101633028145410975184859125874936580657958984375
0.01460568194059630453551790196797810494899749755859375 0.223317015785432004815191930902074091136455535888671875 0.9746364370962841139345300689456053078174591064453125 0.049547813438477417147254300289205275475978851318359375
-0.017350579626246913356180101573045249097049236297607421875 -0.97453708166591501704800748484558425843715667724609375 0.2235542593884847217822198217618279159069061279296875 1.0045967851149770755370127517380751669406890869140625
0.99974278265222238371023877334664575755596160888671875 -0.0201756687806983574240415890699296141974627971649169921875 -0.01035909861150284549946576362344785593450069427490234375 -0.0445364844743358911927089138771407306194305419921875
0.0115256132695187585301965782491606660187244415283203125 0.226268078419871232487281531575717963278293609619140625 0.97399687726755079797413827691343612968921661376953125 0.051907352967620556949412957692402414977550506591796875
-0.01720330413031749550167859297289396636188030242919921875 -0.973872574282208969265184350661002099514007568359375 0.226442770769928303220552834318368695676326751708984375 0.99540858582343549887383460372802801430225372314453125
0.99978558030638797760047964402474462985992431640625 -0.019365855597886345862423951302844216115772724151611328125 -0.00733191982914406514826310967691824771463871002197265625 -0.05812200945505134608293218434482696466147899627685546875
0.01297802813152253154083126673867809586226940155029296875 0.2280422672174916287612944643115042708814144134521484375 0.9735647359822168223075777859776280820369720458984375 0.04955916614846589407505916824447922408580780029296875
-0.017966499780160870292089470012797391973435878753662109375 -0.97343640609246462336301419782103039324283599853515625 0.228251705854424835617777489460422657430171966552734375 0.9874566151488040066652729365159757435321807861328125
0.99975435767815412635428629073430784046649932861328125 -0.0204538069276089841397325841398924239911139011383056640625 -0.008536163406919372587111638495116494596004486083984375 -0.050895612208728124858936325836111791431903839111328125
0.01035944680324508981872355661835172213613986968994140625 0.2223156615002125635616181398290791548788547515869140625 0.97491970362366442426349522065720520913600921630859375 0.046315446049422781538140725388075225055217742919921875
-0.018920566993807959310647248685199883766472339630126953125 -0.974753928965658378302805431303568184375762939453125 0.22247890497003142140641784862964414060115814208984375 1.0009044284299568605689501055167056620121002197265625
0.9997673199469467864020089109544642269611358642578125 -0.0207507911889948278016948535196206648834049701690673828125 -0.00589157289100840364515221381225273944437503814697265625 -0.0581791898920314964893663045586436055600643157958984375
0.0123810810658252778981847086470224894583225250244140625 0.2118026804080496983129222599018248729407787322998046875 0.97723402182057028664274866969208233058452606201171875 0.04108452385506999871012112635071389377117156982421875
-0.01846471276855556065132901721881353296339511871337890625 -0.9770938948068710327987673736060969531536102294921875 0.212006245567277706864928177310503087937831878662109375 1.01751232280439030120078314212150871753692626953125
0.99975285107885836222152420305064879357814788818359375 -0.02066921127850511463730498462609830312430858612060546875 -0.0081866027641826766281241134493029676377773284912109375 -0.0557107113081400096010753486552857793867588043212890625
0.01391565888969113762296814229557639919221401214599609375 0.1888843772589548219986710364537429995834827423095703125 0.9819007314719561119176205465919338166713714599609375 0.036546802137968181778404641590896062552928924560546875
-0.020430998331338608153817659740525414235889911651611328125 -0.98173712357783171622571671832702122628688812255859375 0.189142453040900548888458843066473491489887237548828125 1.0222246147586189213285479127080179750919342041015625
0.99969441769826061783277282302151434123516082763671875 -0.022693253235494446895526010621324530802667140960693359375 -0.00980242217644804181286843913767370395362377166748046875 -0.047468285334854865009646118778618983924388885498046875
0.0154865316978247680168578881421126425266265869140625 0.18058094018423975768428135779686272144317626953125 0.9834381990639513571039742600987665355205535888671875 0.02881958143925367199500442438875325024127960205078125
-0.030903750296298874988831784094145405106246471405029296875 -0.98299984823724317894999558120616711676120758056640625 0.180987097963363263719571705223643220961093902587890625 1.0355164128998015637961316315340809524059295654296875
0.99940238424083105428508133627474308013916015625 -0.03319478975284757826802461977422353811562061309814453125 -0.009642629672780511640439726761542260646820068359375 -0.0493520223293662796404390746829449199140071868896484375
0.011687619871834808993327214921009726822376251220703125 0.1794896634122300493885404648608528077602386474609375 0.98369042908320281082268365935306064784526824951171875 0.03393243985721061672933274167007766664028167724609375
-0.033875327156136274264763841301828506402671337127685546875 -0.9831218964312051777909573502256534993648529052734375 0.1797884090079071572887414731667377054691314697265625 1.029949599467425702670198006671853363513946533203125
0.9993577246602030061950472372700460255146026611328125 -0.03542413239360402144040307348404894582927227020263671875 -0.0054100837463386397541142969203065149486064910888671875 -0.05169975367839650670642726026926538906991481781005859375
0.01371322130913331382995323792783892713487148284912109375 0.1639877171949439826903471839614212512969970703125 0.9863670595526381479345445768558420240879058837890625 0.0243082886310526102846552021219395101070404052734375
-0.035251529344266341325919711380265653133392333984375 -0.985767336948274675023640156723558902740478515625 0.164378101129123044277235976551310159265995025634765625 1.0405999244514385626558805597596801817417144775390625
0.9992843826128365858352253781049512326717376708984375 -0.03702509927092824393302095131730311550199985504150390625 -0.0077372275435030613000009225288522429764270782470703125 -0.04541610047192014276706828468377352692186832427978515625
0.0107940928150407622343465163794462569057941436767578125 0.1701717213093218716846166671530227176845073699951171875 0.98535530283594796596702281021862290799617767333984375 0.0357484787717183838395840211887843906879425048828125
-0.03807387931390747437543353726141504012048244476318359375 -0.98462822388439719123454096916248090565204620361328125 0.1704632320773792064638740839654929004609584808349609375 1.025470112533174216196130146272480487823486328125
0.99921662685459200492488207601127214729785919189453125 -0.039356293392679465859007592598572955466806888580322265625 -0.00414907070560936730441170539052109234035015106201171875 -0.0502378723794141002212398916526581160724163055419921875
0.0084200217875898264452416697167791426181793212890625 0.1627736691745071684334078554456937126815319061279296875 0.9866275061321594375129961917991749942302703857421875 0.03092875933074712424541985456016846001148223876953125
-0.03811415709923381134327513564130640588700771331787109375 -0.985893309376085102968545470503158867359161376953125 0.1629778101525018174644543478279956616461277008056640625 1.032704949163267382772346536512486636638641357421875
0.99923791679948215094242414124892093241214752197265625 -0.038976751055975922266583211239776574075222015380859375 -0.0020972618700514644718424506208975799381732940673828125 -0.04258066951223730967068803465735982172191143035888671875
0.0044672618909727124236752615615841932594776153564453125 0.163868440185581665247127602924592792987823486328125 0.98647208672234698578762390752672217786312103271484375 0.03170924160051147300265483863768167793750762939453125
-0.0401394356599228674387092041797586716711521148681640625 -0.985657548872458821875852663652040064334869384765625 0.1639149020121671573857469184076762758195400238037109375 1.0245611631279334385880019908654503524303436279296875
0.99918410185254469269011678989045321941375732421875 -0.04032868217749820127782101053526275791227817535400390625 0.00217439622647809527311579813613207079470157623291015625 -0.04474991274428448406741409826281596906483173370361328125
0.00785175340369914653848582020145840942859649658203125 0.1569026770472543574896917562000453472137451171875 0.98758285723471939121509421966038644313812255859375 0.0283534529577427196755934346583671867847442626953125
-0.050591991221585579097119733660292695276439189910888671875 -0.9862861958504620663035211691749282181262969970703125 0.1570988967022939053475028003958868794143199920654296875 1.0361754346663734072109264161554165184497833251953125
0.99868854032781106955241057221428491175174713134765625 -0.051197283170828160325793731999510782770812511444091796875 0.0001939428574442569885860621070605702698230743408203125 -0.0355159040545135751276717428481788374483585357666015625
0.00417034823656416142600988905542180873453617095947265625 0.16110105924499773522029499872587621212005615234375 0.98692910429560498641876620240509510040283203125 0.03233467140440626774733345882850699126720428466796875
-0.05791789801432041528972405330932815559208393096923828125 -0.98524205839950995677867240374325774610042572021484375 0.1610704085060891410652317290441715158522129058837890625 1.030997437399126415158434610930271446704864501953125
0.99831263917256085616003247196204029023647308349609375 -0.05783257679181381949451434820730355568230152130126953125 0.005221832047798524722992397073539905250072479248046875 -0.04225177440780215898374905236778431572020053863525390625
0.0080662097954580513903266592024010606110095977783203125 0.1744251350305041914356962706733611412346363067626953125 0.98463739951777473624616732195136137306690216064453125 0.0435486174341519483022011627326719462871551513671875
-0.0494715003172781220275311397926998324692249298095703125 -0.983394090174592339081982572679407894611358642578125 0.17461015752831343661455321125686168670654296875 1.0333739009578477574535781968734227120876312255859375
0.99874296347813429353124092813231982290744781494140625 -0.050119929755158221240662896889261901378631591796875 0.00069681005459139300217685786265064962208271026611328125 -0.0454489330843990402275522910713334567844867706298828125
0.00796638348560051168245621511232457123696804046630859375 0.1892234145649726306803728448358015157282352447509765625 0.98190174463361279411088844426558353006839752197265625 0.043536826161571562376906285862787626683712005615234375
-0.0391797774448592317497741532861255109310150146484375 -0.98111987774598230505063156670075841248035430908203125 0.1893906111112666212914490415641921572387218475341796875 1.01291632529018205133297669817693531513214111328125
0.9992004212807119589712101515033282339572906494140625 -0.0399794486039788121711779922407004050910472869873046875 -0.0004022459067667683019209334815968759357929229736328125 -0.0529158780893862201732957828426151536405086517333984375
0.00614100334051621843389767718690563924610614776611328125 0.18561308397875897480133744466002099215984344482421875 0.982603720293112825601156146149151027202606201171875 0.037298112199809441147380084657925181090831756591796875
-0.040287994113818802188742296266354969702661037445068359375 -0.98177854912946305177001704578287899494171142578125 0.185708995596742088007857773845898918807506561279296875 1.0192583714239142889113054479821585118770599365234375
0.99916923778122701538251249075983650982379913330078125 -0.04072757097421543515114450428882264532148838043212890625 0.00144887343201559326555383222512318752706050872802734375 -0.0445449160697171941958316665477468632161617279052734375
0.0027532246187907116752313640972715802490711212158203125 0.163753573150627718124638931840308941900730133056640625 0.9864974338712697576880827909917570650577545166015625 0.0211372198015842283069787299609743058681488037109375
-0.0425851044033150050172054079666850157082080841064453125 -0.98558709148624623619383555706008337438106536865234375 0.163721309012172799857154359415289945900440216064453125 1.02541959542436966756895344587974250316619873046875
0.99908904946973364769036152210901491343975067138671875 -0.04246085620280508343693526285278494469821453094482421875 0.004259920209208012398249820762430317699909210205078125 -0.04484170873558702974381873218590044416487216949462890625
0.007020796991930866592923621283262036740779876708984375 0.167014730118024312677249554326408542692661285400390625 0.98592940332115130974699468424660153687000274658203125 0.038843297204352367213431307391147129237651824951171875
-0.03299459540094933085452311161134275607764720916748046875 -0.985378200604825504882455788902007043361663818359375 0.1671563085651956159782827171511598862707614898681640625 1.0133053271164207398413736882503144443035125732421875
0.99943087062830426869908251319429837167263031005859375 -0.033703911033869334012980090165001456625759601593017578125 -0.00140755680906945457309120683930814266204833984375 -0.03984272062271465575378215362434275448322296142578125
0.0066893855369233590213440265870303846895694732666015625 0.1725280002985613292398880957989604212343692779541015625 0.9849818989372940425397473518387414515018463134765625 0.03918897896365758359848996406071819365024566650390625
-0.02585588328376152433829560095546185038983821868896484375 -0.98464481183777774475629485095851123332977294921875 0.172644550642592931044561055387021042406558990478515625 1.0107141169914835021614862853311933577060699462890625
0.99964329911755822610786026416462846100330352783203125 -0.026622462003305251421192423322281683795154094696044921875 -0.00212580484677306336127600161489681340754032135009765625 -0.030404954808856465842126226561958901584148406982421875
-0.00042935452684077224372316550216055475175380706787109375 0.1689522585909380147928260385015164501965045928955078125 0.985624142344185383279864254291169345378875732421875 0.03318433611019866447122694808058440685272216796875
-0.02621588604065121230757284820356289856135845184326171875 -0.98528741684436493830645531488698907196521759033203125 0.1688831151219123138940148010078701190650463104248046875 1.0126827688934276761045794046367518603801727294921875
0.9996562124170129681743901528534479439258575439453125 -0.0257664985235551251274710438110560062341392040252685546875 0.00485227059297253793257453935439116321504116058349609375 -0.039845947411983828612136449009994976222515106201171875
-0.00841425109706002427589766057280940003693103790283203125 0.1414628004316705600640347029184340499341487884521484375 0.989907812108028917208457642118446528911590576171875 0.0345993317945119116529895109124481678009033203125
-0.018479297887270963729466899394537904299795627593994140625 -0.9897958391906127584292107712826691567897796630859375 0.1412897211992550638992582889841287396848201751708984375 1.0420753141562977273082424289896152913570404052734375
0.99979383672438737473697756286128424108028411865234375 -0.017103953524588981494058970156402210704982280731201171875 0.0109425235552655930604259992833249270915985107421875 -0.0454758974879901078924859803009894676506519317626953125
-0.01175117366841842148073027374266530387103557586669921875 0.131746917221884085602567893147352151572704315185546875 0.9912137305949431098639479387202300131320953369140625 0.03107201478381071968470905630965717136859893798828125
-0.01529300168796153547301486241849488578736782073974609375 -0.9911899509917165840278130417573265731334686279296875 0.13156244980399878219401443857350386679172515869140625 1.0412245157430313202695515428786166012287139892578125
0.999813999718338397570960296434350311756134033203125 -0.0136126195620559324594989192291905055753886699676513671875 0.0136624505809590235383410572467255406081676483154296875 -0.043094775153338982232043008480104617774486541748046875
-0.017576943459106819656057041356689296662807464599609375 0.11249174068366152301479132802342064678668975830078125 0.99349718637578188218384411811712197959423065185546875 0.041977037617387080725706027806154452264308929443359375
-0.013869347048555337453823455007295706309378147125244140625 -0.99358255747071477781418025188031606376171112060546875 0.112256027670764979564665964062442071735858917236328125 1.048848883903192419353445075103081762790679931640625
0.99974931472027328549501135057653300464153289794921875 -0.0118060389871038999565211469189307535998523235321044921875 0.01902433073142946462485980418932740576565265655517578125 -0.038221362858187724054204181811655871570110321044921875
-0.02109279391856110075220698263365193270146846771240234375 0.106257993020440200115928064406034536659717559814453125 0.99411484898072866034368644250207580626010894775390625 0.04139970267024051242543691842001862823963165283203125
-0.010099935785715753733260413582684122957289218902587890625 -0.99430801075156816093425504732294939458370208740234375 0.1060643394284943585859082304523326456546783447265625 1.054454908619018471682693416369147598743438720703125
0.9997265052743145030689220220665447413921356201171875 -0.007803302599658272498128752658885787241160869598388671875 0.02204593206339901245716106359395780600607395172119140625 -0.0409858398402237200652820092727779410779476165771484375
-0.02389150006704783557598403831434552557766437530517578125 0.0915742591932732497017610739931114949285984039306640625 0.99551160278409067672100718482397496700286865234375 0.04707656779895363907684213700122199952602386474609375
0.000518388015646138733405479115390335209667682647705078125 -0.99579461333696739355758609235635958611965179443359375 0.0916127303870155618170656453003175556659698486328125 1.063915883232104508948623333708383142948150634765625
0.99971442297213364280850100840325467288494110107421875 0.002704826739715344985359735119345714338123798370361328125 0.0237435552056125265263375467839068733155727386474609375 -0.04690961903054004233926121969489031471312046051025390625
-0.022074352141549125061459335483959876000881195068359375 0.05487485322899277040420429329969920217990875244140625 0.99824920408714934438876298372633755207061767578125 0.02405350716041143588341810755082406103610992431640625
0.0078261550259009771135509936357266269624233245849609375 -0.9984524633783518066110218569519929587841033935546875 0.05505908387569358186652834774577058851718902587890625 1.1057630902348802859336274195811711251735687255859375
0.99972569951990430947574850506498478353023529052734375 0.00902784630200738347216571355602354742586612701416015625 0.0216107313755282970380022788958740420639514923095703125 -0.036867954333960228918698476263671182096004486083984375
-0.02721219091956410263133392390955123119056224822998046875 0.04873025817130682835198740576743148267269134521484375 0.99844121439567723452768177594407461583614349365234375 0.0525199841641208475806479327729903161525726318359375
