0.2030535967481611192564372458946309052407741546630859375 -0.2222562470122888267365368619721266441047191619873046875 -0.95360966732136331902580650421441532671451568603515625 0.0287508487596135342556635805522091686725616455078125
-0.01211063535270733015902777651717769913375377655029296875 -0.9743939040913887073003252226044423878192901611328125 0.2245216425118077563372054328283411450684070587158203125 0.96485245312021650221367963240481913089752197265625
-0.9790927276379643995340984474751166999340057373046875 -0.034041105896380631501418889683918678201735019683837890625 -0.2005458396396531950411912248455337248742580413818359375 0.1951132881097662752356569626499549485743045806884765625
0.206676498971141431315601266760495491325855255126953125 -0.223716711310741278584401925400015898048877716064453125 -0.95248919046383495601304502997663803398609161376953125 0.02329707095345601164382287606713362038135528564453125
-0.01265208641750707220519078788356637232936918735504150390625 -0.97403763375951502023752937020617537200450897216796875 0.2260325828387427515853147497182362712919712066650390625 0.9616412026227900700092732222401537001132965087890625
-0.978327526666696645207821347867138683795928955078125 -0.034664645075234423732268851381377317011356353759765625 -0.2041411593701862869920660159550607204437255859375 0.2046061208051488666814776706814882345497608184814453125
0.2027350802517466077379282296533347107470035552978515625 -0.2248596481967919114008935821402701549232006072998046875 -0.9530669577449668583568609392386861145496368408203125 0.0294707452737574815415655393735505640506744384765625
-0.01210539857322968405883845122161801555193960666656494140625 -0.97377961499319731775159425524179823696613311767578125 0.227171381393845905893869030478526838123798370361328125 0.957391597793725512843820979469455778598785400390625
-0.97915879535209537909423715973389334976673126220703125 -0.034518350606009447212318974607114796526730060577392578125 -0.2001412924836983020515646103376639075577259063720703125 0.1920720174644555411358481933348230086266994476318359375
0.20671189957976088269475667402730323374271392822265625 -0.2244808136196124459527112549039884470403194427490234375 -0.9523017142617760111278357726405374705791473388671875 0.0232082204516570467234259922406636178493499755859375
-0.0119481190811625247183425102548426366411149501800537109375 -0.9738303565455765919978148303925991058349609375 0.22696210013136897121199808680103160440921783447265625 0.959287310404322024481871267198584973812103271484375
-0.9783288981609359336033548970590345561504364013671875 -0.035537550267231453327010370912830694578588008880615234375 -0.2039844345659356517064253466742229647934436798095703125 0.20561310530371812443917178825358860194683074951171875
0.2070349803542999855832107414244092069566249847412109375 -0.2205084580950763262219282978549017570912837982177734375 -0.9531592400618797977784879549290053546428680419921875 0.02644978396483510518777393372147344052791595458984375
-0.010960983227964758712769111070883809588849544525146484375 -0.97472990396163827764297593603259883821010589599609375 0.2231178767936722040499120112144737504422664642333984375 0.97045926254706749158884804273839108645915985107421875
-0.97827213683854152836971707074553705751895904541015625 -0.03574564048229855739435834038886241614818572998046875 -0.2042201642170420050614865203897352330386638641357421875 0.205673886213072254491862622671760618686676025390625
0.206182035344243452801293869924847967922687530517578125 -0.2250235926152090171203923318898887373507022857666015625 -0.95228848106283592311882557623903267085552215576171875 0.02327208435364591654348487281822599470615386962890625
-0.0110123953378116166967881639493498369120061397552490234375 -0.97367101247625187365741794565110467374324798583984375 0.22769190233229441577833540577557869255542755126953125 0.9569978957745439718252100647077895700931549072265625
-0.97845168271534088688667907263152301311492919921875 -0.036459000271460755004948595114910858683288097381591796875 -0.203231508117454440220939204664318822324275970458984375 0.2034404050830940224869891608250327408313751220703125
0.205964497893973697006941847575944848358631134033203125 -0.222628172233754140219019745927653275430202484130859375 -0.95289838001344850937357477960176765918731689453125 0.02599454450919014281140562161453999578952789306640625
-0.0113310408019962859105245200908029801212251186370849609375 -0.97425403390969067540794412707327865064144134521484375 0.2251683829944682579959902568589313887059688568115234375 0.96440369190744801297654476002207957208156585693359375
-0.97849385949968581410729484559851698577404022216796875 -0.035579360218164636509019516097396262921392917633056640625 -0.20318434006794572344034577326965518295764923095703125 0.203302219610314749420609814478666521608829498291015625
0.2043441073132568341907955300484900362789630889892578125 -0.221068918406561343292793253567651845514774322509765625 -0.9536099932456740813080386942601762712001800537109375 0.02697301350415071130584010461461730301380157470703125
-0.01212168100006225275599991419994694297201931476593017578125 -0.9746625652151508223397513575037010014057159423828125 0.223351885134777383701276676220004446804523468017578125 0.9702023537329196312128942736308090388774871826171875
-0.9788240651977526685101338443928398191928863525390625 -0.034081283231951420287231258043902926146984100341796875 -0.20184626705485697595321425978909246623516082763671875 0.1981476334603692601721292021466069854795932769775390625
0.2068081684570109157750295025834930129349231719970703125 -0.225388871366039911237066917237825691699981689453125 -0.95206629927800345836175210934015922248363494873046875 0.024547825371370901592626978526823222637176513671875
-0.01175157727220444044136105077313914080150425434112548828125 -0.9736054272575420664992407182580791413784027099609375 0.227935271999703037426598939418909139931201934814453125 0.9555111544143375379434246497112326323986053466796875
-0.9783109331118040596919627205352298915386199951171875 -0.035950593120533669289073941399692557752132415771484375 -0.203998218151934196384900133125483989715576171875 0.205744914347517016128819022924290038645267486572265625
0.206556538302099468307204688244382850825786590576171875 -0.2237432720587010093193924831211916171014308929443359375 -0.95250897360089636922708677957416512072086334228515625 0.02787104726669242804604209595709107816219329833984375
-0.01073078184161342651936621450659004040062427520751953125 -0.973962431036941911344229083624668419361114501953125 0.22645562263936469538094797826488502323627471923828125 0.95958072864280541391934775674599222838878631591796875
-0.97837582081994234339816784995491616427898406982421875 -0.036554721134265936999252488703859853558242321014404296875 -0.203579236659025719635707218913012184202671051025390625 0.205072409304788816353237734801950864493846893310546875
0.2070690614873784418659141692842240445315837860107421875 -0.2210439144098923225367769873628276400268077850341796875 -0.9530278022042180108286402173689566552639007568359375 0.02628286941049451375107537387521006166934967041015625
-0.01048590622299562513664028529092320241034030914306640625 -0.974586574119474580157884702202863991260528564453125 0.223765884558063954390405569938593544065952301025390625 0.96808031612623945960649507469497621059417724609375
-0.97827013115281646893350853133597411215305328369140625 -0.036341629199522496040941632600151933729648590087890625 -0.204124561193274878245773606977309100329875946044921875 0.2057432477798323555706616616589599289000034332275390625
0.208780832940054839053090063316631130874156951904296875 -0.2246145276455046302377382971826591528952121734619140625 -0.95181872111477050513173026047297753393650054931640625 0.0215499413249755633614768157713115215301513671875
-0.0118679494557404167920378057488051126711070537567138671875 -0.97377744650845132756700195386656560003757476806640625 0.227193204613387600421248180282418616116046905517578125 0.958418448096249431245041705551557242870330810546875
-0.97789044147419990071767870176699943840503692626953125 -0.036137447689197521594195450234110467135906219482421875 -0.205971768329730908764219066142686642706394195556640625 0.212115269551235829936786103644408285617828369140625
0.20797968452308956965879360723192803561687469482421875 -0.2222428806023795389013031353897531516849994659423828125 -0.952550551385251242919594005797989666461944580078125 0.0227639678044233573217525190557353198528289794921875
-0.01198477272590572732802183253397743101231753826141357421875 -0.97435145020002489335553264027112163603305816650390625 0.2247125552592048325362128480264800600707530975341796875 0.96569893295556707979443444855860434472560882568359375
-0.9780597200591312212480943344417028129100799560546875 -0.0353195421951406351990243592808838002383708953857421875 -0.2053088257673085503807186569247278384864330291748046875 0.20865076641177437988261544887791387736797332763671875
0.2069265651505271252919015978477546013891696929931640625 -0.22611216343810836004735165261081419885158538818359375 -0.95186904891243118154164903899072669446468353271484375 0.0231107357643860478191299989703111350536346435546875
-0.0122064454012895569345875657063515973277390003204345703125 -0.9734476121335069453976984732435084879398345947265625 0.2285844808764214419749549733751337043941020965576171875 0.9549356002919007213591839899891056120395660400390625
-0.978280327553823436659286016947589814662933349609375 -0.035681261591115571996102318053090129978954792022705078125 -0.2041921847021123948007215176403406076133251190185546875 0.2053303098776221025101307304794318042695522308349609375
0.20591236475190755061959180238773114979267120361328125 -0.2244605571954523537403503041787189431488513946533203125 -0.95247968818389938672197558844345621764659881591796875 0.028381821648562066684462479315698146820068359375
-0.0112239741063919797048331616906580165959894657135009765625 -0.9738156612998796202163021007436327636241912841796875 0.22706209720611969515857708756811916828155517578125 0.95816143603499082104235640144906938076019287109375
-0.97850606559436326126188987473142333328723907470703125 -0.036064283693345904058258355462385225109755992889404296875 -0.2030400133907027948598766897703171707689762115478515625 0.20189264462325251514585033874027431011199951171875
0.2036622778195338601125996547125396318733692169189453125 -0.2220348101278288022175644300659769214689731597900390625 -0.9535314466665330002115297247655689716339111328125 0.02744246257328086802118605191935785114765167236328125
-0.0106711231126152307491228299340946250595152378082275390625 -0.9743897810579305041045472535188309848308563232421875 0.2246125496865618575981216054060496389865875244140625 0.96591380392380121744366761049604974687099456787109375
-0.97898304565766103291224453641916625201702117919921875 -0.0355698497346283171172132142601185478270053863525390625 -0.2008157914748667505211443540247273631393909454345703125 0.19491301285473727755714890008675865828990936279296875
0.2081722965677785530669297031636233441531658172607421875 -0.2234547143428682047794353593417326919734477996826171875 -0.95222491338798598281556451183860190212726593017578125 0.0233514728664767634569443544023670256137847900390625
-0.01040929830381774438829989293253674986772239208221435546875 -0.97400442320488733738415021434775553643703460693359375 0.226289959700913201334770974426646716892719268798828125 0.960019155925130984741144857252947986125946044921875
-0.97803677917088105431275835144333541393280029296875 -0.037195305028996407392671841307674185372889041900634765625 -0.20508673256410447915953909614472649991512298583984375 0.20842676719757735614990679096081294119358062744140625
0.2040892766881875763917975064032361842691898345947265625 -0.225055625159766015119799931198940612375736236572265625 -0.95273161636525560691524106005090288817882537841796875 0.0265111515202642866739779492490924894809722900390625
-0.010982780821574618379532495282546733506023883819580078125 -0.973680776654072932529970785253681242465972900390625 0.2276515747256122323971538889963994733989238739013671875 0.9559856352633959719611311811604537069797515869140625
-0.978890670925605110852529833209700882434844970703125 -0.0359976003713747549905832556760287843644618988037109375 -0.201189530401790273028694855383946560323238372802734375 0.1969308283849159624256941469866433180868625640869140625
0.2061114788116482632318593459785915911197662353515625 -0.225249179154785428291773996534175239503383636474609375 -0.9522504217322691477676244176109321415424346923828125 0.023681160719921212631788876024074852466583251953125
-0.01214286612305092404040518516694646677933633327484130859375 -0.9736591854750138441687568047200329601764678955078125 0.2276849953724544295408094285448896698653697967529296875 0.95636530048180856677930705700418911874294281005859375
-0.9784531716224396102887794768321327865123748779296875 -0.03536543942237106719073125304930726997554302215576171875 -0.20341749344002535426767508397460915148258209228515625 0.2033323397930705545011420554146752692759037017822265625
0.2036878115405089395562043819154496304690837860107421875 -0.2252096292407753386211055612875497899949550628662109375 -0.9527811387848650337417666378314606845378875732421875 0.026311031703080356436430520261637866497039794921875
-0.0116585318106888179146007900044423877261579036712646484375 -0.97367206540898421085472591585130430757999420166015625 0.2276552293568636364806678784589166752994060516357421875 0.955932148869545361691280049853958189487457275390625
-0.97896647236871359165633066368172876536846160888671875 -0.035262563953907900826667543014991679228842258453369140625 -0.200950734167169853261469825156382285058498382568359375 0.1950323474355556696568925190149457193911075592041015625
0.209425009111903592806669394121854566037654876708984375 -0.226055310564969247355548986888607032597064971923828125 -0.9513359880825322800745880158501677215099334716796875 0.02220816980525885941943897705641575157642364501953125
-0.0112425527020650721510275360515151987783610820770263671875 -0.9734029678053655043612479857983998954296112060546875 0.2288239127620890489556160218853619880974292755126953125 0.95271041091250363574971515845390968024730682373046875
-0.97776007820105170775804026561672799289226531982421875 -0.0372260026337182525768554341993876732885837554931640625 -0.2063963522089453939134529036891763098537921905517578125 0.213531916305156055368996703691664151847362518310546875
0.20857340605105090247661792091093957424163818359375 -0.2219818723387571302030352171641425229609012603759765625 -0.95248159181075864321286417180090211331844329833984375 0.02338728766415176796300556816277094185352325439453125
-0.0123499317620882655133218719356591464020311832427978515625 -0.9744210821062273542025877759442664682865142822265625 0.2243906185822065191270979767068638466298580169677734375 0.96641057105830918683153640813543461263179779052734375
-0.97792873637390442809191881678998470306396484375 -0.035038830668582876537442416520207189023494720458984375 -0.2059797730858265729647627040321822278201580047607421875 0.210133315626187699987070800489163957536220550537109375
0.2080361909994092040054880499155842699110507965087890625 -0.221939547104617107553536925479420460760593414306640625 -0.95260893380367173133294045328511856496334075927734375 0.0234124345062325378563627964467741549015045166015625
-0.0121215369484993125415162040781069663353264331817626953125 -0.97442739855915672109176739468239247798919677734375 0.2243756427390128094234711397803039290010929107666015625 0.96740520539551366763220130451372824609279632568359375
-0.9780460170818419118887732111033983528614044189453125 -0.03513116740304500495994943776167929172515869140625 -0.2054064009426584125339587671987828798592090606689453125 0.210022078780247423157589992115390487015247344970703125
0.2064847335670973171861675155014381743967533111572265625 -0.2234354268856761915884590052883140742778778076171875 -0.95259680080989905803789952187798917293548583984375 0.02844199453581841563476473311311565339565277099609375
-0.01189869560272682237622721146408366621471941471099853515625 -0.974079045271002197381449150270782411098480224609375 0.22589499857719508302267286126152612268924713134765625 0.9610564499728393439426099575939588248729705810546875
-0.9783774710208630320806832969537936151027679443359375 -0.03530920694324864161917076899044332094490528106689453125 -0.2037910304817924511677773580231587402522563934326171875 0.204817378372174674350247869369923137128353118896484375
0.2081243175376723542058243765495717525482177734375 -0.2219629003748073703405907508567906916141510009765625 -0.9525842426808217577871573666925542056560516357421875 0.023700751502060857234255308867432177066802978515625
-0.01275570260753357276772845807499834336340427398681640625 -0.97444374307711989491309623190318234264850616455078125 0.2242694794307616701356522526111803017556667327880859375 0.967572521506237848143427981995046138763427734375
-0.97801920249610219126878973838756792247295379638671875 -0.034525048801056605618509109945080126635730266571044921875 -0.2056367198608852475683050897714565508067607879638671875 0.210076855283428731713257775481906719505786895751953125
0.207122745532187069184004712951718829572200775146484375 -0.223236539816873691410847868610289879143238067626953125 -0.95250491634999534529271159044583328068256378173828125 0.0258675844106843744185653122258372604846954345703125
-0.0115312784224213260575453432466019876301288604736328125 -0.97410735406868786956380290575907565653324127197265625 0.22579195765692983144390382221899926662445068359375 0.963124791838442462221792084164917469024658203125
-0.9782470024779019723837336641736328601837158203125 -0.035783048485246500558520921231320244260132312774658203125 -0.204333980495348510597608537864289246499538421630859375 0.2063723598414960169744603035724139772355556488037109375
0.20705782662309080155438323345151729881763458251953125 -0.2233565927247949389755632410015095956623554229736328125 -0.9524908865798169532723704833188094198703765869140625 0.025378756247682598967685407842509448528289794921875
-0.0121328616218784011981934867208110517822206020355224609375 -0.9741012779500415330602436370099894702434539794921875 0.2257866465056437565994684746328857727348804473876953125 0.961360520018291975219426603871397674083709716796875
-0.97825346922788469772314101646770723164081573486328125 -0.035194449902512449368519042991465539671480655670166015625 -0.20440523633370732969893879271694459021091461181640625 0.206075955604210381277852093262481503188610076904296875
0.2026738638016429006061258633053512312471866607666015625 -0.2234156964034465231438986165812821127474308013916015625 -0.95341949404728953965104665257968008518218994140625 0.0280173204412961229792244921554811298847198486328125
-0.01279262856101122912411138798915999359451234340667724609375 -0.974146884301305693298900223453529179096221923828125 0.2255533467627185706394499220550642348825931549072265625 0.9621878147663485147944584241486154496669769287109375
-0.97916273087688454612731447923579253256320953369140625 -0.03351702464829854621886084942161687649786472320556640625 -0.200292175387403792452545303603983484208583831787109375 0.1982749422781606429833090032843756489455699920654296875
0.2003667497903207361797939256575773470103740692138671875 -0.22378687576506506307083554929704405367374420166015625 -0.9538200039372668470605276525020599365234375 0.03010877719751248182689096211106516420841217041015625
-0.01074498897770381593275157428024613182060420513153076171875 -0.974006379647260001064523748937062919139862060546875 0.2262658467237396997528975362001801840960979461669921875 0.95906942250254634263484376788255758583545684814453125
-0.9796620390476682427305377132142893970012664794921875 -0.035087364593294138870316345446553896181285381317138671875 -0.1975630686536161417787837990545085631310939788818359375 0.189580662819314460509900754914269782602787017822265625
0.20576000316551679159005061592324636876583099365234375 -0.222953989692143139667024342998047359287738800048828125 -0.95286638080834595854184954077936708927154541015625 0.02641393642545708519975278250058181583881378173828125
-0.012489995326196712266408894720370881259441375732421875 -0.97422022718778678029849515951354987919330596923828125 0.22525333455963103546082493267022073268890380859375 0.9639664392863362962771134334616363048553466796875
-0.97852277493496531146632833042531274259090423583984375 -0.03444682795205711300923212547786533832550048828125 -0.2032402395653674920250608693095273338258266448974609375 0.1942414608209682980177746003391803242266178131103515625
0.2044721256663505626338661613772273994982242584228515625 -0.2249090683150583858118665148140280507504940032958984375 -0.95268413491159276151876156291109509766101837158203125 0.02825232595306281790925595487351529300212860107421875
-0.01244190393391136385814466081001228303648531436920166015625 -0.97376509015519108203307041549123823642730712890625 0.22721545721375580040302111228811554610729217529296875 0.953852764748625236990164921735413372516632080078125
-0.97879331260735191744259964252705685794353485107421875 -0.034606020788445664149168834455849719233810901641845703125 -0.2019061032294162949529692241412703879177570343017578125 0.20688915113252714927938313849153928458690643310546875
0.2050126004605322405094369742073467932641506195068359375 -0.22077298330524541825070627965033054351806640625 -0.95353506678675714614001890367944724857807159423828125 0.02810624012400086968455070746131241321563720703125
-0.01310728451043741311921042580479479511268436908721923828125 -0.9747603034166925084491595043800771236419677734375 0.2228691673405372164484816721596871502697467803955078125 0.96964593409249177913267203621217049658298492431640625
-0.978671565283973254878446823568083345890045166015625 -0.0331927299833177646970483465338475070893764495849609375 -0.20273186720849734054894497603527270257472991943359375 0.19684144083142529613184024128713645040988922119140625
0.2078952469975216821307384407191420905292034149169921875 -0.222930983324263587430635880082263611257076263427734375 -0.9524081809009359300688402072410099208354949951171875 0.02328716631177651930073579933377914130687713623046875
-0.0119960050412466802394195752867744886316359043121337890625 -0.974189986101821059349958886741660535335540771484375 0.2254109194721688191886954655274166725575923919677734375 0.9614148423927757480811351342708803713321685791015625
-0.97807753378381401265784234055900014936923980712890625 -0.035436763145658682627736624226599815301597118377685546875 -0.2052037371153414835323047782367211766541004180908203125 0.2095099739500836388828020062646828591823577880859375
0.2051940090140028927212512144251377321779727935791015625 -0.224391256324002974498199591835145838558673858642578125 -0.95265102889106800798657559425919316709041595458984375 0.0268757005292814543651047642924822866916656494140625
-0.0119902040029205604609874313837281079031527042388916015625 -0.9738662628469463289349050683085806667804718017578125 0.226805760226223285247471039838274009525775909423828125 0.95498262525484245433204932851367630064487457275390625
-0.97864787008770381948608019229141063988208770751953125 -0.035116700752327256740414895830326713621616363525390625 -0.2025220079449234489299414008200983516871929168701171875 0.1973855271834551727838658052860409952700138092041015625
0.207921347258600064389355566163430921733379364013671875 -0.21907919334455983051412886197795160114765167236328125 -0.9532958724838678232771371767739765346050262451171875 0.0271057827012024521451394321047700941562652587890625
-0.0139053091205476909986149536280208849348127841949462890625 -0.9751587134866965822510564976255409419536590576171875 0.2210706711993641604419025270544807426631450653076171875 0.96939377606451493374351002785260789096355438232421875
-0.9780467042420861734086656724684871733188629150390625 -0.032709435868281254433664884118115878663957118988037109375 -0.20580266550106518508300723624415695667266845703125 0.2054803231546714348265680882832384668290615081787109375
0.2067101175202228080518551678324001841247081756591796875 -0.2078281499345225047381546801261720247566699981689453125 -0.95607446755296365825671500715543515980243682861328125 0.03453833094029279404679755316465161740779876708984375
-0.0127298117398683963141792219175840727984905242919921875 -0.9776679935317125202942634132341481745243072509765625 0.2097697835534169386040304061680217273533344268798828125 0.98827310997613171394959863391704857349395751953125
-0.97831941571196079365790865267626941204071044921875 -0.031190886580418193674280047389402170665562152862548828125 -0.2047394672170133878008613237398094497621059417724609375 0.20735968462744958085153257343336008489131927490234375
0.2029727006792567400861315718429978005588054656982421875 -0.1910898382910881654339618762605823576450347900390625 -0.9603576191075740009495120830251835286617279052734375 0.03935770721046427667033640318550169467926025390625
-0.0162509054255093043916957640249165706336498260498046875 -0.98129537054075155477761427391669712960720062255859375 0.191821322077199429845251188453403301537036895751953125 0.97710662328613551164124828574131242930889129638671875
-0.97904953439152375693765861797146499156951904296875 -0.0233278093534979823198138859652317478321492671966552734375 -0.2022815427059001247567238124247523956000804901123046875 0.1938732743709829231537611349267535842955112457275390625
0.202096807753096852078300571520230732858180999755859375 -0.1865462594004956009552387286021257750689983367919921875 -0.9614350594277307759938366871210746467113494873046875 0.0400547418329735283037962290109135210514068603515625
-0.0257821129450256682213993286723052733577787876129150390625 -0.98236494782375072265523385794949717819690704345703125 0.1851877634041565190425870923718321137130260467529296875 0.9867964187695934530353270019986666738986968994140625
-0.97902612982068382141420670450315810739994049072265625 -0.01263802755307173730781045151161379180848598480224609375 -0.2033423649633121776947319858663831837475299835205078125 0.1995387177806930145695929468274698592722415924072265625
0.2055496401620138247068325654254294931888580322265625 -0.1869356080291634525369914854309172369539737701416015625 -0.96062709933519319083217169463750906288623809814453125 0.037938305775436109712472898536361753940582275390625
-0.0278624203920891135022319673453239374794065952301025390625 -0.9823072257754670300045063413563184440135955810546875 0.1851926442775326808742875073221512138843536376953125 0.97766684344450960342243206468992866575717926025390625
-0.978249983838070935604491751291789114475250244140625 -0.0113008844132861906162101917061590938828885555267333984375 -0.20712136329520181021734970272518694400787353515625 0.1998178995060958251794858142602606676518917083740234375
0.2048839278280250031372133889817632734775543212890625 -0.1696681320390704683642724148739944212138652801513671875 -0.96396851669815786234352117389789782464504241943359375 0.0507193235545713161371850219438783824443817138671875
-0.0286501223433349265501401958999849739484488964080810546875 -0.9854787262114454993167100838036276400089263916015625 0.167364770634931325776761923407320864498615264892578125 0.99250128331881792842494860451552085578441619873046875
-0.97836687726426330158346900134347379207611083984375 -0.0066725350202791709752769833130514598451554775238037109375 -0.206769752985170807146886318150791339576244354248046875 0.2022003919805556437783167211819090880453586578369140625
0.209444874200968300659297938182135112583637237548828125 -0.1795498111855062528530169174700859002768993377685546875 -0.9611944184561742599015587984467856585979461669921875 0.03407814698500655214985499696922488510608673095703125
-0.03169507832078606590631153494541649706661701202392578125 -0.983726965577701673026922435383312404155731201171875 0.1768524667083579415827188086041132919490337371826171875 0.967600503145713108921199818723835051059722900390625
-0.9773066389819959898233037165482528507709503173828125 -0.0065757096441621705473767889316150103695690631866455078125 -0.211727403624003163162825558174517937004566192626953125 0.20930015467348284108339839804102666676044464111328125
0.211078338515859498247806413928628899157047271728515625 -0.1715218057952692942702555001233122311532497406005859375 -0.9623025539003975392660095167229883372783660888671875 0.0447448096196267908197796714375726878643035888671875
-0.032180686676097025600284950996865518391132354736328125 -0.98516960975932510446995138408965431153774261474609375 0.16853889517561915223353707915521226823329925537109375 0.97780590011579293641119647872983478009700775146484375
-0.97693927054364582129863947557169012725353240966796875 -0.00460735248503252835250432184466262697242200374603271484375 -0.213467641514350991993609341079718433320522308349609375 0.2012890399319826884028117319758166559040546417236328125
0.21609104910964926915539763285778462886810302734375 -0.1710907403343461530287328287158743478357791900634765625 -0.961266153135358347725514249759726226329803466796875 0.04183102162505758503385777657967992126941680908203125
-0.033291508505481903767986295861192047595977783203125 -0.9852460640863462959515572947566397488117218017578125 0.167874907115675375823826698251650668680667877197265625 0.97414291184392165501293447960051707923412322998046875
-0.97580547952353724472374096876592375338077545166015625 -0.00427426399470883129627640784065079060383141040802001953125 -0.218598711798844880238590349108562804758548736572265625 0.2048237579706843336513344411287107504904270172119140625
0.212545260055184537240080544506781734526157379150390625 -0.1692024435878741461802832191096968017518520355224609375 -0.962390277179211661717772585689090192317962646484375 0.04738217218512497108662273603840731084346771240234375
-0.04575437351302509558781395071491715498268604278564453125 -0.985536995067371801582112311734817922115325927734375 0.1631670445687805892642785465795896016061305999755859375 0.97807874764242341836251171116600744426250457763671875
-0.97607942795384150524995447995024733245372772216796875 0.00935318198750710594335799896725802682340145111083984375 -0.21721295613517543898751682718284428119659423828125 0.1978882918665530177282363410995458252727985382080078125
0.21618021099237061388720348986680619418621063232421875 -0.173674523007216474734804023682954721152782440185546875 -0.96078263750477077564937644638121128082275390625 0.0389948154368948696202323844772763550281524658203125
-0.05150830422584924683793161648281966336071491241455078125 -0.9847104435723874615860040648840367794036865234375 0.1664101940704161564088536806593765504658222198486328125 0.97553085540373374318079413569648750126361846923828125
-0.97499385174086528049741673385142348706722259521484375 0.013513692981453495622901073147659189999103546142578125 -0.2218205787804321815759323044403572566807270050048828125 0.205202900796880471911975973853259347379207611083984375
0.2096775110469150382730418868959532119333744049072265625 -0.1840483056664961869497432189746177755296230316162109375 -0.960292436000397042761278498801402747631072998046875 0.031034631173019189276374163455329835414886474609375
-0.045555376099344839502247594964501331560313701629638671875 -0.982896857452754790784865690511651337146759033203125 0.1784337162456990366621312205097638070583343505859375 0.98336492143643094987481845237198285758495330810546875
-0.976708784139260988155228915275074541568756103515625 0.0063329454534191802206333221647582831792533397674560546875 -0.214475744055270312049543690591235645115375518798828125 0.19618941072074058684648889538948424160480499267578125
0.2075905139013584366214359988589421845972537994384765625 -0.195992167757037705211331513055483810603618621826171875 -0.95838053445026771814951871419907547533512115478515625 0.0339880024511416412025255340267904102802276611328125
-0.0343933208068914753052780497455387376248836517333984375 -0.98057967093356512844337657952564768493175506591796875 0.1930821695833151163679275441609206609427928924560546875 0.9640272680320653986285606151795946061611175537109375
-0.97761100543260137651913055378827266395092010498046875 -0.00712013697797388676880014912740080035291612148284912109375 -0.21029984714080196539498501806519925594329833984375 0.1956193052804773291342144148075021803379058837890625
0.2119263234995815980976630044096964411437511444091796875 -0.18980326084822574106425463469349779188632965087890625 -0.958677190547707169798741233535110950469970703125 0.0383386217892986991273573949001729488372802734375
-0.03614088806016306498758439147422905080020427703857421875 -0.9818102031651247951771210864535532891750335693359375 0.18639387582853583769093575028819032013416290283203125 0.97936790397655337780946638304158113896846771240234375
-0.9766171560734788759106095312745310366153717041015625 -0.0048543232743664850581399861084719304926693439483642578125 -0.2149310726941757732078031040146015584468841552734375 0.1967762475061279048293982896211673505604267120361328125
0.222588404790562577328927318376372568309307098388671875 -0.1655927584854549328152728548957384191453456878662109375 -0.9607462935068153964124348931363783776760101318359375 0.0446032254437991326767587452195584774017333984375
-0.03759637182860960102903646884442423470318317413330078125 -0.9861942535526377895394034567289054393768310546875 0.1612684806786015834223491083321277983486652374267578125 0.99891005291632162244042092424933798611164093017578125
-0.97418730990920987533598918162169866263866424560546875 0.00022408125577960571854496674149004320497624576091766357421875 -0.22574107955890376775442973666940815746784210205078125 0.2260786185559633398867163123213686048984527587890625
0.21431522574475814213457169898902066051959991455078125 -0.164846316911899604118474371716729365289211273193359375 -0.96275369431213742021924417713307775557041168212890625 0.03318071283369439239407938657677732408046722412109375
-0.029586850922385159179395230921727488748729228973388671875 -0.98629922476551801224786686361767351627349853515625 0.1622916302670579236089309915769263170659542083740234375 0.99256354382563494187508013055776245892047882080078125
-0.976316343292103372419887818978168070316314697265625 -0.006296716741407697333354764879231879604049026966094970703125 -0.216256211887625171552684832931845448911190032958984375 0.2026502017889686146911998321229475550353527069091796875
0.2181320714353345013858387346772360615432262420654296875 -0.168099032722618668689307241947972215712070465087890625 -0.96133298846245962554490915863425470888614654541015625 0.030096860955370008383624735870398581027984619140625
-0.021796214470081821945601774359602131880819797515869140625 -0.985647313631041743775540453498251736164093017578125 0.16740494001668382306746707399724982678890228271484375 0.99138343671151363256655031364061869680881500244140625
-0.9756758295485792320533846577745862305164337158203125 -0.0155629651966785013950111959957212093286216259002685546875 -0.2186652001347037244105564468554803170263767242431640625 0.2038889188719116007941778434542356990277767181396484375
0.222987471236539780417018619118607603013515472412109375 -0.1608668980633303491334373802601476199924945831298828125 -0.961456410283965556828889020835049450397491455078125 0.0357539901763364031950231947121210396289825439453125
-0.0220917920137046440431927152303615002892911434173583984375 -0.9868705797633297027715570948203094303607940673828125 0.1599953977416761208285578277354943566024303436279296875 1.0046771855101701564905170016572810709476470947265625
-0.97457095191319076388225539631093852221965789794921875 -0.014436673026898348692892426470280042849481105804443359375 -0.2236136001228529457396376756150857545435428619384765625 0.20754799850698624208433784588123671710491180419921875
0.226752281580634595936629693824215792119503021240234375 -0.13848240332112105033246507446165196597576141357421875 -0.9640570661872132074421415381948463618755340576171875 0.0394161568147051166732808269443921744823455810546875
-0.014458521306886552848514071456520468927919864654541015625 -0.99020956489460620897347098434693180024623870849609375 0.13883833954696112034099542142939753830432891845703125 1.0134250070702039980830022614100016653537750244140625
-0.97384513856037224766026838551624678075313568115234375 -0.0175430693718568175842875689340871758759021759033203125 -0.226534515737260022660848335362970829010009765625 0.200329698266938915907076079747639596462249755859375
0.2319479724763933159437101494404487311840057373046875 -0.126594091586200441224008272911305539309978485107421875 -0.96445532511188336588503489110735245048999786376953125 0.04345549624606392935532994670211337506771087646484375
-0.0105645367265669067047273443904487066902220249176025390625 -0.99176461898481693690854399392264895141124725341796875 0.12763795230635122113227453155559487640857696533203125 1.01823321924063492360801319591701030731201171875
-0.97267082231474411013749659105087630450725555419921875 -0.0194163391779686167470941882129409350454807281494140625 -0.23137518706952409086596844645100645720958709716796875 0.20624333468890754250679719916661269962787628173828125
0.237588956021740849156032027167384512722492218017578125 -0.1069682192621586314107418047569808550179004669189453125 -0.9654580716641689708268359026988036930561065673828125 0.0290244582278180729417726979590952396392822265625
-0.00985646002541015232856214112189263687469065189361572265625 -0.99413251029417704085489049248280934989452362060546875 0.10771962656484539155865576276482897810637950897216796875 1.0275239841466419221660544280894100666046142578125
-0.97131577673250735216470275190658867359161376953125 -0.01607699355535611995815514774221810512244701385498046875 -0.2372492194923270236728285453864373266696929931640625 0.1990063234407591086227995447188732214272022247314453125
0.241402491543342867519328365233377553522586822509765625 -0.10103599034453546179346261624232283793389797210693359375 -0.965151058554503560316106813843362033367156982421875 0.031210490970185578163409445551224052906036376953125
-0.0074386739396968305781943087140462012030184268951416015625 -0.99472874391797294624240066696074791252613067626953125 0.1022717357273998095568146027289913035929203033447265625 1.0310467117251658208942899364046752452850341796875
-0.9703965700564685104012596639222465455532073974609375 -0.0175092065353332874966252319381965207867324352264404296875 -0.24088155701530145069710897587356157600879669189453125 0.20329423690560555204598358614020980894565582275390625
0.24180051083997822214399775475612841546535491943359375 -0.08138847186454960247470324929963680915534496307373046875 -0.966906629257547667322114648413844406604766845703125 0.02477368604729612844295161266927607357501983642578125
0.0029181244721342282193166095538572335499338805675506591796875 -0.996410636054322562671359264641068875789642333984375 0.084601682505077213658495338677312247455120086669921875 1.04826518708698568360659919562749564647674560546875
-0.9703215949127272921259645954705774784088134765625 -0.0232782823542146133366514959561754949390888214111328125 -0.24069508515470372511657615177682600915431976318359375 0.201563028536505817189805611633346416056156158447265625
0.2448844959353284611580647833761759102344512939453125 -0.04917279390258864901763757870867266319692134857177734375 -0.96830450793509548201853931459481827914714813232421875 0.0340038041983377059551685306360013782978057861328125
0.010957131317181866003718226920682354830205440521240234375 -0.998508985051064446025748111424036324024200439453125 0.05347769461089268983045030836365185678005218505859375 1.0750259992171520284642838305444456636905670166015625
-0.96949034293713964860472742657293565571308135986328125 -0.023705696322348625282305789596648537553846836090087890625 -0.24398056257511868682996691859443672001361846923828125 0.2099364826069629597071752868941985070705413818359375
0.246979245722009022045995152438990771770477294921875 -0.038419989503003827702176664615763002075254917144775390625 -0.96825882732164647581640792850521393120288848876953125 0.019148886233822659530545706729753874242305755615234375
