0.0571427296237169424220070368392043747007846832275390625 0.22941332329489416697043679960188455879688262939453125 0.9716502640085520337009938884875737130641937255859375 0.00214561498115239945860821535461582243442535400390625
-0.0208882963012305966632453646525391377508640289306640625 -0.97275278396462006025302571288193576037883758544921875 0.2309020733551293835805751086809323169291019439697265625 0.991422223659153445396441384218633174896240234375
0.99814747785486990228065451447037048637866973876953125 -0.0334904926396345226091710856053396128118038177490234375 -0.050793694065571819151738708342236350290477275848388671875 -0.01080521095971083422870862023046356625854969024658203125
0.051125427641311581294925048268851242028176784515380859375 0.2260708500219751615478713802076526917517185211181640625 0.9727682979110598981975499555119313299655914306640625 0.00055010516809250731284919311292469501495361328125
-0.020285536464022403679852146751727559603750705718994140625 -0.97360611371860283913548528289538808166980743408203125 0.2273316947834379819770589392646797932684421539306640625 1.00215490465590040258803128381259739398956298828125
0.99848619803994098642618837402551434934139251708984375 -0.03135555623906254030242024555263924412429332733154296875 -0.045190058849193880108341403456506668590009212493896484375 -0.029709118686191915426064724670141004025936126708984375
0.0541236046862604014417996722841053269803524017333984375 0.226611828214007549053832235586014576256275177001953125 0.97248018732065499847294631763361394405364990234375 -3.252281352883468201753203175030648708343505859375e-05
-0.021286418910007480487234232668924960307776927947998046875 -0.97342456830530876832341391491354443132877349853515625 0.2280165899722976508012806107217329554259777069091796875 1.0003136111061061708227271083160303533077239990234375
0.99830732933584254151782033659401349723339080810546875 -0.03304169971842667308248309154805610887706279754638671875 -0.04786149053430525934782480135254445485770702362060546875 -0.019939707184224719771492573272553272545337677001953125
0.04985665491195691301218317903476417995989322662353515625 0.226736005782067817637681628184509463608264923095703125 0.9726793395795605423614915707730688154697418212890625 0.0007009820422141377349589674849994480609893798828125
-0.02041191637741708586606392827889067120850086212158203125 -0.97345579082459254838255446884431876242160797119140625 0.2279632516280916398887512741566752083599567413330078125 1.000528580526661048821779331774450838565826416015625
0.9985477793517729683259176454157568514347076416015625 -0.031219733863588471078909236666731885634362697601318359375 -0.04390513149098122791524900776494177989661693572998046875 -0.033519585206656730969054791557937278412282466888427734375
0.05211922631990541232571700902553857304155826568603515625 0.2244746874957798399297104197103180922567844390869140625 0.973085145772677240216808058903552591800689697265625 6.709774495095022217583391466177999973297119140625e-05
-0.0195676931266936075803908323678115266375243663787841796875 -0.97399289982374381846597088951966725289821624755859375 0.2257321501063120627872393697543884627521038055419921875 1.007518383781908166696439366205595433712005615234375
0.9984491432463953319853544599027372896671295166015625 -0.0308060159047876570836965726130074472166597843170166015625 -0.04637130294399428864782208847827860154211521148681640625 -0.0260592898462922717417455942268134094774723052978515625
0.050227914485676213030007630777618032880127429962158203125 0.226582974892207522632503469139919616281986236572265625 0.97269589908530129651609286156599409878253936767578125 0.00212880716220420485029762858175672590732574462890625
-0.01981262039067120672708455231258994899690151214599609375 -0.97350753042308391105308373880689032375812530517578125 0.2277951171465006086069848834085860289633274078369140625 0.99976733039403331559924481553025543689727783203125
0.99854124436398883357668410098995082080364227294921875 -0.030713327638460984070345460850148811005055904388427734375 -0.0444080489494835806141281864256598055362701416015625 -0.031628002216131996526815584047653828747570514678955078125
0.049823718071440668830884845874606980942189693450927734375 0.22809945747258220105635473373695276677608489990234375 0.9723621931256876127491750594344921410083770751953125 -0.0038759878432139682757906484766863286495208740234375
-0.019806875788990922770960168008969048969447612762451171875 -0.9731542486989184226331417448818683624267578125 0.2293001592317531478482095508297788910567760467529296875 0.99398703890175899022807470828411169350147247314453125
0.9985616079167478620348674667184241116046905517578125 -0.03068404303933990051600488868643878959119319915771484375 -0.04396822374840302083409682154524489305913448333740234375 -0.031444197581724724066543075196022982709109783172607421875
0.054038036405509672077673855028479010798037052154541015625 0.2276718300817093254551082281977869570255279541015625 0.97223733131917333682991966270492412149906158447265625 -0.00353153692350283154866019685869105160236358642578125
-0.0205400020778816923272547256829057005234062671661376953125 -0.9732005454301735358768610240076668560504913330078125 0.2290390224438569599652026909097912721335887908935546875 0.99592989371047979663131854977109469473361968994140625
0.99832760101796214069480583930271677672863006591796875 -0.03234657515370779889973817944337497465312480926513671875 -0.04791346495148028628019432062501437030732631683349609375 -0.01782694835620861339986475968544255010783672332763671875
0.054174766253596857989993651472104829736053943634033203125 0.2304502611861686534044935115161933936178684234619140625 0.9715748925443372652210882733925245702266693115234375 0.00208092774593726659304593340493738651275634765625
-0.01959280448887255887679970101089566014707088470458984375 -0.97257115871524657535474034375511109828948974609375 0.2317790550514173819607322002411819994449615478515625 0.9867762056629076905522879314958117902278900146484375
0.99833922928521279249736153360572643578052520751953125 -0.03159245238600573435494567320347414351999759674072265625 -0.048173646577315508421346379464011988602578639984130859375 -0.018040515480228135059004301865570596419274806976318359375
0.047721060856142187567296986117071355693042278289794921875 0.222247091256085937960307319372077472507953643798828125 0.97382181675135981446800315097789280116558074951171875 -0.00043473479553257643459573955624364316463470458984375
-0.0199499950739555932666124959951048367656767368316650390625 -0.974526044708330818622243896243162453174591064453125 0.2233854359502196185172095965754124335944652557373046875 1.01448379834837343338449500151909887790679931640625
0.9986614531780571013541702996008098125457763671875 -0.030087929821837396116013252367338282056152820587158203125 -0.042071586818640628602228304089294397272169589996337890625 -0.0391487998406476744861492989002726972103118896484375
0.04705254951161129406411731679327203892171382904052734375 0.224387922603025813383936792888562195003032684326171875 0.97336330204929222276177824824117124080657958984375 0.004388620415464838941943526151590049266815185546875
-0.01692219917568198173096760683620232157409191131591796875 -0.97412371080822846014513061163597740232944488525390625 0.225381237748952190091955571915605105459690093994140625 1.0104114180770726871827491777366958558559417724609375
0.9987490659670630321897988324053585529327392578125 -0.027076209008053943316784994976842426694929599761962890625 -0.04203786552362177852959490564899169839918613433837890625 -0.04169406076547417516753313293520477600395679473876953125
0.048833284734851323261040079160011373460292816162109375 0.2258865196410584363917450900771655142307281494140625 0.97292887229663438386495499798911623656749725341796875 0.0026695270061807274686316304723732173442840576171875
-0.0192148422614837159627665386096850852482020854949951171875 -0.97369832120710919642903036219649948179721832275390625 0.2270295932875443789544789296996896155178546905517578125 1.0038144606199626007736469546216540038585662841796875
0.998622100773778331728181001381017267704010009765625 -0.029781274986449120245612931512368959374725818634033203125 -0.04320851199078230842065551087216590531170368194580078125 -0.03721023377099286211233675203402526676654815673828125
0.049526742490611876112982514541727141477167606353759765625 0.2214542354884107278056859513526433147490024566650390625 0.97391227703754601474628316282178275287151336669921875 0.0029696834324977050556526592117734253406524658203125
-0.020542539512692921388481437361406278796494007110595703125 -0.974676829695978685919044437468983232975006103515625 0.222672739321970014625406975028454326093196868896484375 1.0173346896755679491519686052924953401088714599609375
0.99856151831845718636060382777941413223743438720703125 -0.031034886212675229233415308272014954127371311187744140625 -0.043723334426989224343884643531055189669132232666015625 -0.034437864438326692972935916259302757680416107177734375
0.051419964618550917379025122500024735927581787109375 0.22426860276458848719727257048361934721469879150390625 0.97316986238507807716047182111651636660099029541015625 0.00335840131684050913207784105907194316387176513671875
-0.02029299131742938466782533168952795676887035369873046875 -0.97402315604890510325475361241842620074748992919921875 0.225537476036478945484731184478732757270336151123046875 1.0088036401687576759655939895310439169406890869140625
0.998470921839717195922503378824330866336822509765625 -0.03134565595471304477737106708445935510098934173583984375 -0.04553315380494360464780356778646819293498992919921875 -0.02848379144605585333582808971186750568449497222900390625
0.051745652435177751093942077886822517029941082000732421875 0.22515184908094820759316689873230643570423126220703125 0.97294862778639734646191072897636331617832183837890625 -0.00011955460111312543602934965747408568859100341796875
-0.020148605915247495834474733555907732807099819183349609375 -0.97382019011014653298019538851804099977016448974609375 0.2264251269768759733391760846643592230975627899169921875 1.0059048756310193795115992543287575244903564453125
0.99845702018208093431184124710853211581707000732421875 -0.03132007374996741144723699790120008401572704315185546875 -0.04585446359436300134415631646334077231585979461669921875 -0.02804597863893711073846048975610756315290927886962890625
0.05361794310268208629821629074285738170146942138671875 0.2248581471657002117670032248497591353952884674072265625 0.97291517093351542744272819618345238268375396728515625 0.00222046687309351842287696854327805340290069580078125
-0.0206038736131947397556274381713592447340488433837890625 -0.9738601839218004041498488732031546533107757568359375 0.2262120458262843747387904613788123242557048797607421875 1.005971473155186313164222156046889722347259521484375
0.9983489352865950738902256489382125437259674072265625 -0.032174845141640651124959049411700107157230377197265625 -0.04758342940924205344277453377799247391521930694580078125 -0.02213312670604050680367436143569648265838623046875
0.0498957957449356059864697954253642819821834564208984375 0.228132487242608983368796771173947490751743316650390625 0.97235074835854684582869822406792081892490386962890625 0.00407316857388806408124537483672611415386199951171875
-0.0203497502401143205708056171943098888732492923736572265625 -0.9731291011982350358522353417356498539447784423828125 0.22935934072817876216987542647984810173511505126953125 0.99630283123626395269667455067974515259265899658203125
0.99854709315563960903006091029965318739414215087890625 -0.0312311610445710936823093817338303779251873493194580078125 -0.043912610174537687612872360887195100076496601104736328125 -0.033630818779781967986508561807568185031414031982421875
0.053165460814453731341888698125330847688019275665283203125 0.22493735372182033227517194973188452422618865966796875 0.97292169298405373201177326336619444191455841064453125 0.00319644227434634498052901108167134225368499755859375
-0.02065987730171532643641540971657377667725086212158203125 -0.97384335005919131500462526673800311982631683349609375 0.2262793983736772485126920173570397309958934783935546875 1.0056402274291349474566459321067668497562408447265625
0.99837197640191199798920251851086504757404327392578125 -0.03213069061116911873110524311414337716996669769287109375 -0.0471276506766445113516539322517928667366504669189453125 -0.023441031003587055325798615967869409359991550445556640625
0.05085858449099532607728946231873123906552791595458984375 0.2246094430619940407467538534547202289104461669921875 0.9731207543120736769282075329101644456386566162109375 0.003493165330032521609382456517778337001800537109375
-0.0210907995783292979974365977113848202861845493316650390625 -0.97392291823854704180263297530473209917545318603515625 0.2258968672112209030711227342180791310966014862060546875 1.0065419690485899462117913572001270949840545654296875
0.99848314085711475929230118708801455795764923095703125 -0.03201268902859723264331393011161708272993564605712890625 -0.04479514669448199370993535239904304035007953643798828125 -0.03010444491220744256398944571628817357122898101806640625
0.05227823646351963116085670435495558194816112518310546875 0.2261241509130067495192406568094156682491302490234375 0.97269463572494430092518769015441648662090301513671875 0.00355355148393987629873436162597499787807464599609375
-0.02061884348002436528890513045553234405815601348876953125 -0.97357454603920279279094529556459747254848480224609375 0.22743687852037275387573345142300240695476531982421875 1.002557554504516446058914880268275737762451171875
0.998419675939951734022770324372686445713043212890625 -0.0319458366923801861947396218965877778828144073486328125 -0.04623434022559451406220176750139216892421245574951171875 -0.02645895876676941649296992409290396608412265777587890625
0.048327740174871285094848616381568717770278453826904296875 0.230082624029908089369200752116739749908447265625 0.97197037796995022773671735194511711597442626953125 0.0026507612889641318787425916525535285472869873046875
-0.0203062244971000949167461158140213228762149810791015625 -0.9726800175892880151451436177012510597705841064453125 0.2312602597554539729518552348963567055761814117431640625 0.99005098704599869829934277731808833777904510498046875
0.99862509821928202580210154337692074477672576904296875 -0.03091333380884973836000284563851892016828060150146484375 -0.0423353162437988539412714317222707904875278472900390625 -0.03953535478925541968298063011388876475393772125244140625
0.050889348481444274252538662040024064481258392333984375 0.2254197301325907842883822240764857269823551177978515625 0.9729317650688715790607830058434046804904937744140625 0.00144422525600995665939763057394884526729583740234375
-0.022101474774916661514279070388511172495782375335693359375 -0.9737012874747807966713253335910849273204803466796875 0.2267540400868580385829176293555065058171749114990234375 1.004872319963302285117379142320714890956878662109375
0.99845971328114069276438158340170048177242279052734375 -0.033042591520875623511965812895141425542533397674560546875 -0.0445689140796307892156136176708969287574291229248046875 -0.0304537389312553308240438809662009589374065399169921875
0.05295223405564597474182164660305716097354888916015625 0.2256994572384013741928043828011141158640384674072265625 0.97275681231886157451782537464168854057788848876953125 0.0041049813406510704538732170476578176021575927734375
-0.02119829319149153790124984197973390109837055206298828125 -0.9736499264567866074315816149464808404445648193359375 0.2270606090660507725420558244877611286938190460205078125 1.004178233270006881383551444741897284984588623046875
0.998372021489927874426939524710178375244140625 -0.032644149932927073176625043515741708688437938690185546875 -0.0467724938760200881215922663614037446677684783935546875 -0.024422619176433790766367337710107676684856414794921875
0.05269894683595575946011280166203505359590053558349609375 0.226920656314833824040988474735058844089508056640625 0.9724864198239335788542803129530511796474456787109375 -0.0008148301583805750425426595029421150684356689453125
-0.0213947742373290401840524310728142154403030872344970703125 -0.97335956801389544867930680993595160543918609619140625 0.2282837753852009765598296553434920497238636016845703125 0.999212611624055835335411757114343345165252685546875
0.99838123212415708085387677783728577196598052978515625 -0.032836441242269247264840004163488629274070262908935546875 -0.04644010627575927141474920745167764835059642791748046875 -0.02482803661969788799890324071384384296834468841552734375
0.05242912520676319687584765460997004993259906768798828125 0.2238443466849126817219683971416088752448558807373046875 0.97321369456517825557995138296973891556262969970703125 0.001939861509377305281986991758458316326141357421875
-0.0210309527006270861881898071032992447726428508758544921875 -0.9740904431524501916328517836518585681915283203125 0.2251789837008585648536751477877260185778141021728515625 1.009482040136173708333444665186107158660888671875
0.99840316800265027641358983601094223558902740478515625 -0.032273547626268016264017290950505412183701992034912109375 -0.04636304830355024442223310643385048024356365203857421875 -0.0264928645634379955620119062587036751210689544677734375
0.050387853087122520812091153175060753710567951202392578125 0.226910029269937252305311403688392601907253265380859375 0.97261138327696572414282627505599521100521087646484375 0.00251956604664360650502885619061999022960662841796875
-0.0209763686242645901181003154079007799737155437469482421875 -0.97339320797478123825641205257852561771869659423828125 0.2281791439656297715288246763520874083042144775390625 1.0003840509120447421764765749685466289520263671875
0.99850941720119867905935961971408687531948089599609375 -0.03189931141765127431408899383313837461173534393310546875 -0.04428744397357575746099200841854326426982879638671875 -0.033267034299588715828832619081367738544940948486328125
0.0505503180537019980445023747961386106908321380615234375 0.2277038206680808418713723995097097940742969512939453125 0.97241741829307748457011939535732381045818328857421875 0.00622999476937258211961534470901824533939361572265625
-0.020728639319452624167894327911199070513248443603515625 -0.973213317095663388300863516633398830890655517578125 0.2289677489355308181995241056938539259135723114013671875 0.99780098034224129488478638450033031404018402099609375
0.99850637898561200866964782107970677316188812255859375 -0.031731281800248693769628260952231357805430889129638671875 -0.04447625076898222007404370970107265748083591461181640625 -0.0332123338996757333507758858104352839291095733642578125
0.05276238175430560117806777498117298819124698638916015625 0.2246635543903451603942045267103821970522403717041015625 0.973006895351854694808935164473950862884521484375 0.00396212503725423825784446307807229459285736083984375
-0.0222883435278868891060710666351951658725738525390625 -0.9738564626582622008044154426897875964641571044921875 0.2260683237309108750690000988470274023711681365966796875 1.00721273909348685293707603705115616321563720703125
0.9983583328828264935594916096306405961513519287109375 -0.033614614410645428377311105805347324348986148834228515625 -0.046375606341669532717286728029648656956851482391357421875 -0.03087476859322550726272282872741925530135631561279296875
0.0585750847165590060594553278860985301434993743896484375 0.2282565038921628153278930994929396547377109527587890625 0.9718373978620709063847016295767389237880706787109375 0.003541430403611212085479564848355948925018310546875
-0.019515417037764444530001384237039019353687763214111328125 -0.97306108095706600469299019096069969236850738525390625 0.2297201522232924231214923338484368287026882171630859375 0.9950241009909606137995297103771008551120758056640625
0.9980922341971416589245791328721679747104644775390625 -0.032421688802298294362902453258357127197086811065673828125 -0.05254261254140424330927316987072117626667022705078125 -0.010361995001515432457406262756194337271153926849365234375
0.051715739445612883551373073487411602400243282318115234375 0.2268235792116206905877362487444770522415637969970703125 0.97256184698412317946036864668712951242923736572265625 0.0044933396445505646710216751671396195888519287109375
-0.021065780210730015997722119891477632336318492889404296875 -0.9734006020020296023886885450338013470172882080078125 0.2281393610037162067438742951708263717591762542724609375 1.0004700395493275610903083361336030066013336181640625
0.998439640247168025410928748897276818752288818359375 -0.03228616917807859698630323919132933951914310455322265625 -0.045561914632953996739939128701735171489417552947998046875 -0.02130140454921143622346590973393176682293415069580078125
0.05411499784236188659303223857932607643306255340576171875 0.22935405014920451360893594028311781585216522216796875 0.9718375824645921756683719650027342140674591064453125 0.0016908350329278842849589636898599565029144287109375
-0.022686638731277276870290648957961820997297763824462890625 -0.97273009780333097307192247171769849956035614013671875 0.230827945369668829922460417947149835526943206787109375 0.988480429996470011388964849174953997135162353515625
0.99827695728935761376732216376694850623607635498046875 -0.0345389811458621520667833237894228659570217132568359375 -0.04743601299243911662006922824730281718075275421142578125 -0.029524563181626238550503416036008275113999843597412109375
0.052027994151214305984520791525937966071069240570068359375 0.2227172119419425222464070657224510796368122100830078125 0.9734937757024206828049273099168203771114349365234375 0.00459124709889191517930839836481027305126190185546875
-0.021370262524804582715542977666700608097016811370849609375 -0.9743425476613227775857239976176060736179351806640625 0.2240535177350448658994963579971226863563060760498046875 1.010982234821034442262543961987830698490142822265625
0.9984169468334058716862955407123081386089324951171875 -0.03246087197498627452407760074493126012384891510009765625 -0.04593356146211835522308319923467934131622314453125 -0.02402299487851389248049827074282802641391754150390625
0.0489516397943848546869816118487506173551082611083984375 0.225696309628933999835709300896269269287586212158203125 0.97296706664884957671546317214961163699626922607421875 0.00644347847055115607872721739113330841064453125
-0.021224612340706716651084207114763557910919189453125 -0.97367991654682517488339499323046766221523284912109375 0.226929511208522283194355395607999525964260101318359375 1.0018499422629805195583685417659580707550048828125
0.9985756119652309248380106510012410581111907958984375 -0.031759419836280396165495432114767027087509632110595703125 -0.04287291035185487875214249697819468565285205841064453125 -0.03772435952164764072502833869293681345880031585693359375
0.050402111961166846942905550577052053995430469512939453125 0.22742838574277091101549785889801569283008575439453125 0.9724895662526347184240194110316224396228790283203125 0.004370016101542528730306003126315772533416748046875
-0.0219869913924479465361372376719373278319835662841796875 -0.97323853372876623080145463973167352378368377685546875 0.228743078120352938409354237592197023332118988037109375 0.9938678241404688140647749605705030262470245361328125
0.99848695501773632177133777076960541307926177978515625 -0.03291125325238429544238982771275914274156093597412109375 -0.044052810022484449603563660957661340944468975067138671875 -0.0304473285455058306769871023789164610207080841064453125
0.04778615715241109340727376775248558260500431060791015625 0.2216950984493535614650028264804859645664691925048828125 0.973944437075382030144510281388647854328155517578125 0.00085159125323353013214955353760160505771636962890625
-0.02294233717768323632668625577935017645359039306640625 -0.97455754869683419716608341332175768911838531494140625 0.2229603116158289655146518271067179739475250244140625 1.00734333435017742175432431395165622234344482421875
0.99859407787787313193206273354007862508296966552734375 -0.032998977451039517017061797332644346170127391815185546875 -0.04148415500569681280129685774227255024015903472900390625 -0.03754994891085215724668699976973584853112697601318359375
0.049805686516725733437027656691498123109340667724609375 0.211193290823281032420055680631776340305805206298828125 0.976174568150480315154027266544289886951446533203125 -0.00428857039853003385587726370431482791900634765625
-0.0224854755724408321426732726422414998523890972137451171875 -0.97690277893543464582393198725185357034206390380859375 0.212498072954769912090711159180500544607639312744140625 1.0239386842337125926860608160495758056640625
0.99850578215715135588226303298142738640308380126953125 -0.032533361123734859388090256970826885662972927093505859375 -0.04390653043498947416534150534062064252793788909912109375 -0.034820262516826926135760089664472616277635097503662109375
0.05133763061336517330435214034878299571573734283447265625 0.188216768021756186701765045654610730707645416259765625 0.980784836710068663734318761271424591541290283203125 -0.0085160512920621211918614790192805230617523193359375
-0.02445078631748832942438554027830832637846469879150390625 -0.98154861922367164783764792446163482964038848876953125 0.18964317615338754929865672238520346581935882568359375 1.028615600276665542622822613338939845561981201171875
0.99838199440851072008484834441333077847957611083984375 -0.03371679106359710964557763190896366722881793975830078125 -0.0457883308646294950872146500842063687741756439208984375 -0.0263947618643356751721995578918722458183765411376953125
0.052899822945370912619100778329084278084337711334228515625 0.1795264143093900643943783279610215686261653900146484375 0.98232982001948176975503201902029104530811309814453125 -0.016312631824547452197293750941753387451171875
-0.03492153550673447737207055752151063643395900726318359375 -0.9827729496199280045942714423290453851222991943359375 0.181487969205076205003734912679647095501422882080078125 1.041911234245645800911006517708301544189453125
0.99798902556798496643608586964546702802181243896484375 -0.043905146057364709266668256759658106602728366851806640625 -0.04571917538249893608881535556065500713884830474853515625 -0.027934161373389339300121747555749607272446155548095703125
0.04910285397490331271708186022806330583989620208740234375 0.178352482591498551212083611972047947347164154052734375 0.9827407092854729686592918369569815695285797119140625 -0.011289466326373176485731164575554430484771728515625
-0.037894698579815928873859576242466573603451251983642578125 -0.9828865319339954442767748332698829472064971923828125 0.1802723613738175523213413953271810896694660186767578125 1.036356332500500077031801993143744766712188720703125
0.9980745972257114573267244850285351276397705078125 -0.0460925492539343562015119459829293191432952880859375 -0.04150391882844506330485501166549511253833770751953125 -0.03049413212602920808524942231088061816990375518798828125
0.0511247303706943989620725687927915714681148529052734375 0.1628023162859662253953985100451973266899585723876953125 0.98533327750482158080558292567729949951171875 -0.0206750421863410860368048815871588885784149169921875
-0.03926963932244999233578397479504928924143314361572265625 -0.985532808903774704134548301226459443569183349609375 0.1648728149656726593708100381263648159801959991455078125 1.0469767247926211606312563162646256387233734130859375
0.99791991535139812352639410164556466042995452880859375 -0.04712275945411559252562483379733748733997344970703125 -0.0439919093538645722407665061837178654968738555908203125 -0.02381159972452627504591049500959343276917934417724609375
0.0482060155347109609014211173416697420179843902587890625 0.1688943483195416150888235051752417348325252532958984375 0.984454610012026165577481151558458805084228515625 -0.0094185382426645869458070592372678220272064208984375
-0.042093069040814938552852453312880243174731731414794921875 -0.98438140105874294416565817300579510629177093505859375 0.170942966808628804553649160880013369023799896240234375 1.031871850275751345549224424757994711399078369140625
0.99795007575590866100156972606782801449298858642578125 -0.049679193917647475331467177284139324910938739776611328125 -0.0403438222356207465413291402001050300896167755126953125 -0.02911937955886408080363736416984465904533863067626953125
0.045834418764902469523025985154163208790123462677001953125 0.161516096453125646004167492719716392457485198974609375 0.98580513117196433281463896491914056241512298583984375 -0.013950535699640109754682271159254014492034912109375
-0.042134551211280568683292813148000277578830718994140625 -0.98565149175307542606105926097370684146881103515625 0.163449941915393581748361384597956202924251556396484375 1.0390735144619671626031731648254208266735076904296875
0.9980600611920487086337061555241234600543975830078125 -0.0490280886281703465190418000929639674723148345947265625 -0.038371353649599197754849200237003969959914684295654296875 -0.0212579328747008189370859554401249624788761138916015625
0.0418830638141334532509318933080066926777362823486328125 0.1625594127455171900020758357641170732676982879638671875 0.9858094371100936115226431866176426410675048828125 -0.01324920197168977242796472637564875185489654541015625
-0.04416145940633837974065301068549160845577716827392578125 -0.98540977195779710928746908393804915249347686767578125 0.1643697476610856689216433323963428847491741180419921875 1.03093890043601987827059929259121417999267578125
0.99814606875665246032980348900309763848781585693359375 -0.0504190907825749767834366821261937730014324188232421875 -0.0340931182558743828270308995342929847538471221923828125 -0.02348777704334803484442772969487123191356658935546875
0.045249977546872433009639280498959124088287353515625 0.1551918505006501247667216603076667524874210357666015625 0.98684747001354633511027714121155440807342529296875 -0.0162606669858951224938437007949687540531158447265625
-0.054610337789985301248929516759744728915393352508544921875 -0.9859979209627807161808732416830025613307952880859375 0.15756229871553084631585761599126271903514862060546875 1.0425143025264065332891050275065936148166656494140625
0.99748190495274691169669267765129916369915008544921875 -0.06102176252095521669094324579418753273785114288330078125 -0.0361413031417751884344369273094343952834606170654296875 -0.014087740800983017397385310687241144478321075439453125
0.041559426610600573581688621516150305978953838348388671875 0.15913855208672600394237406362663023173809051513671875 0.9863811308523111609503075669636018574237823486328125 -0.01253274974432161403825602974393405020236968994140625
-0.06193640543868790537818114216861431486904621124267578125 -0.98492508801031253273805532444384880363941192626953125 0.16151321866087897660690941847860813140869140625 1.0373653546826380189571636947221122682094573974609375
0.9972144683882200322244671042426489293575286865234375 -0.0678052965243099159398099118334357626736164093017578125 -0.03107645093251233670006428155829780735075473785400390625 -0.020988804081767675757674851411138661205768585205078125
0.04546596221613363741909097370808012783527374267578125 0.1727414307909971025178919035170110873878002166748046875 0.98391729549286111033978841078351251780986785888671875 -0.00144711703114597245445338558056391775608062744140625
-0.053489974225533649943020719774722238071262836456298828125 -0.98310191955766212945633242270560003817081451416015625 0.175070001806066077865153829407063312828540802001953125 1.0397599614818189284193294952274300158023834228515625
0.997532790989536177761465296498499810695648193359375 -0.0605894352340154707103891951192053966224193572998046875 -0.035457738799311348809606414533845963887870311737060546875 -0.02459388297420429803086250331034534610807895660400390625
0.045380036006321733399460072178044356405735015869140625 0.1879082331830082830403938487506820820271968841552734375 0.98113768057090278151832762887352146208286285400390625 -0.00173188644420518844668777092010714113712310791015625
-0.04320022558169182846921074769852566532790660858154296875 -0.980861594272362413704513528500683605670928955078125 0.189853471140653151660870889827492646872997283935546875 1.019332623484713540307211587787605822086334228515625
0.99803526638246864433057226051460020244121551513671875 -0.05100092517542940961927655507679446600377559661865234375 -0.03639385511643238035883740622011828236281871795654296875 -0.03213779278304763897811113793068216182291507720947265625
0.043555123001420732731236995505241793580353260040283203125 0.1842726373493957237048590513950330205261707305908203125 0.9819096426792921494808297211420722305774688720703125 -0.0076548770213256123184919488267041742801666259765625
-0.044309167888501165000203485533347702585160732269287109375 -0.9815189486409348074147374063613824546337127685546875 0.1861647609318349549933913067434332333505153656005859375 1.0256379608660812774445503237075172364711761474609375
0.99806795811117943184598289008135907351970672607421875 -0.051616026941094628188722026607138104736804962158203125 -0.034585210086216074121256980333782848902046680450439453125 -0.02351358214912047106537329455022700130939483642578125
0.040167452861643783423861719938940950669348239898681640625 0.162364782277058861126306510413996875286102294921875 0.985912903459873035671989782713353633880615234375 -0.0238175236963245051668991436599753797054290771484375
-0.046607533059823215426664688720848062075674533843994140625 -0.985330781436434932629708782769739627838134765625 0.1641677682400726201450424923677928745746612548828125 1.0317927125133403709611457088612951338291168212890625
0.99810536202921451565117649806779809296131134033203125 -0.05254516797576848363693358123782672919332981109619140625 -0.03201080462967904882720659998085466213524341583251953125 -0.0231802737455028273760859747198992408812046051025390625
0.044441759074333432588677084140726947225630283355712890625 0.165951416600609302776092590647749602794647216796875 0.98513199997796030427110736127360723912715911865234375 -0.0059328346862617120649474600213579833507537841796875
-0.037016468286312276259053533067344687879085540771484375 -0.9851556259470359844243603220093064010143280029296875 0.1676252989661654868580598076732712797820568084716796875 1.019666754566407096405100674019195139408111572265625
0.99832595438436666501758054437232203781604766845703125 -0.0439156695174525435465540113000315614044666290283203125 -0.037639112310042237286022981379574048332870006561279296875 -0.0188966307144271816742531200361554510891437530517578125
0.04411624664087519798183478769715293310582637786865234375 0.1717256924267447082410598113710875622928142547607421875 0.98415651364242984211472276001586578786373138427734375 -0.005233247424226039612449312699027359485626220703125
-0.0298788266995825245453399787720627500675618648529052734375 -0.98444816693005721131015661740093491971492767333984375 0.1731159422355172117224952899050549603998661041259765625 1.0170377157642336296561325070797465741634368896484375
0.99857949735656947876094591265427879989147186279296875 -0.03704266668295221054396648696638294495642185211181640625 -0.03829919458979828827960290027476730756461620330810546875 -0.0094889730918030316952904712479721638374030590057373046875
0.0370030958601061943369359141797758638858795166015625 0.1681847076389093309511935103728319518268108367919921875 0.98506074686545519458746866803267039358615875244140625 -0.01158775002811307519579031577450223267078399658203125
-0.030242233767720762271924428432612330652773380279541015625 -0.9850958996010479307159357631462626159191131591796875 0.1693267344482989600340516744836349971592426300048828125 1.019041547234557310019908982212655246257781982421875
0.99885743639285806683147939111222513020038604736328125 -0.03605604996334321743489681466598995029926300048828125 -0.031365315650238263789351123023152467794716358184814453125 -0.01869052858544374695615175596685730852186679840087890625
0.02902647190293637657898528914302005432546138763427734375 0.1410402610044153293156199424629448913037776947021484375 0.9895782478948393912077108325320295989513397216796875 -0.01039392457207266584617855187389068305492401123046875
-0.02251002707158809845733316024052328430116176605224609375 -0.98965213194091017356868178467266261577606201171875 0.141711056516534095184312036508345045149326324462890625 1.04845719366488676627113818540237843990325927734375
0.99932515360645923774285392937599681317806243896484375 -0.0263888046705679467363037105087641975842416286468505859375 -0.02555128880498534760246087671475834213197231292724609375 -0.02425063545845983214999108668052940629422664642333984375
0.0256916232087531261341073474113727570511400699615478515625 0.1314623392646312449727474813698790967464447021484375 0.9909881905723783024342310454812832176685333251953125 -0.0138293551444366169533850552397780120372772216796875
-0.0193254110771550469127788574041915126144886016845703125 -0.991064873847156579955708366469480097293853759765625 0.131973525473872810298558988506556488573551177978515625 1.0475951491716120056452155040460638701915740966796875
0.999483100906151999964777132845483720302581787109375 -0.0225418678956588458550669429314439184963703155517578125 -0.022921500756016122135605428411508910357952117919921875 -0.021742595809920640947954240118633606471121311187744140625
0.01986706009619480794992085748162935487926006317138671875 0.112289059945457514455569025813019834458827972412109375 0.99347695843519467917559495617751963436603546142578125 -0.0027519745744430945677549971151165664196014404296875
-0.017904253461169132577435192388293216936290264129638671875 -0.9934738125953270770907010955852456390857696533203125 0.11264674211128981873297760785135324113070964813232421875 1.05520496559435716932284776703454554080963134765625
0.9996423048478479955747388885356485843658447265625 -0.020025422602246878422960207899450324475765228271484375 -0.0177269515200450360203898725330873276107013225555419921875 -0.01725004712509166371336988277107593603432178497314453125
0.016351613485828635219387905408439110033214092254638671875 0.1062097636766101971250719770978321321308612823486328125 0.99420928925358287298053028280264697968959808349609375 -0.0034341926008185641450154435005970299243927001953125
-0.0141364384512342178279453719369485042989253997802734375 -0.99421832005254284769790729114902205765247344970703125 0.1064432256782848751353043326162151060998439788818359375 1.0608218066943180257766243812511675059795379638671875
0.99976636563204757113254572686855681240558624267578125 -0.015795096787264650828319645370356738567352294921875 -0.01475564537654293351121026489636278711259365081787109375 -0.01996828849994802812517491474864073097705841064453125
0.0135510169010532484368258820950359222479164600372314453125 0.09193018877204504890610081702106981538236141204833984375 0.99567324476217067275030103701283223927021026611328125 0.00201389693493736476881394992233254015445709228515625
-0.003519472434173852304351015618522069416940212249755859375 -0.99575415533631517206458738655783236026763916015625 0.09198555624243918982241297044311068020761013031005859375 1.07030923862782767486123702838085591793060302734375
0.9999019868240661690350634671631269156932830810546875 -0.004750742614348791963141405148007834213785827159881591796875 -0.0131699351557907039234063262256313464604318141937255859375 -0.0260621340378859311925907604745589196681976318359375
0.0153649730224175995463298249887884594500064849853515625 0.05549407442651192734484055790744605474174022674560546875 0.99834078615947119406115461970330215990543365478515625 -0.0206304974941990959536042282707057893276214599609375
0.003789045519959286130451392438089897041209042072296142578125 -0.998454748485138932068139183684252202510833740234375 0.055442091180887421997258712735856533981859683990478515625 1.112104804735933871739916867227293550968170166015625
0.99987477253081580297333630369394086301326751708984375 0.002930891940798555951597226254534689360298216342926025390625 -0.015551499316506005310412064090996864251792430877685546875 -0.01499655097619261023833558965634438209235668182373046875
